0.000000000000000000e+00 0.000000000000000000e+00
1.000000000000000000e+00 8.194475887301114650e-07
2.000000000000000000e+00 2.048618971825278663e-07
3.000000000000000000e+00 9.104973208112350053e-08
4.000000000000000000e+00 5.121547429563196656e-08
5.000000000000000000e+00 3.277790354920445966e-08
6.000000000000000000e+00 2.276243302028087513e-08
7.000000000000000000e+00 1.672342017816554058e-08
8.000000000000000000e+00 1.280386857390799164e-08
9.000000000000000000e+00 1.011663689790261135e-08
1.000000000000000000e+01 8.194475887301114915e-09
1.100000000000000000e+01 6.772294121736458218e-09
1.200000000000000000e+01 5.690608255070218783e-09
1.300000000000000000e+01 4.848802300178174658e-09
1.400000000000000000e+01 4.180855044541385144e-09
1.500000000000000000e+01 3.641989283244939641e-09
1.600000000000000000e+01 3.200967143476997910e-09
1.700000000000000000e+01 2.839953082196361778e-09
1.800000000000000000e+01 2.537176829566005074e-09
1.900000000000000000e+01 2.280731703058234755e-09
2.000000000000000000e+01 2.061607492071649508e-09
2.100000000000000000e+01 1.872884011005208208e-09
2.200000000000000000e+01 1.709175001813913141e-09
2.300000000000000000e+01 1.566237340080474438e-09
2.400000000000000000e+01 1.440691675220847330e-09
2.500000000000000000e+01 1.333418153002558051e-09
2.600000000000000000e+01 1.238068470896434298e-09
2.700000000000000000e+01 1.152924865604088187e-09
2.800000000000000000e+01 1.076569091485677400e-09
2.900000000000000000e+01 1.007821769826589614e-09
3.000000000000000000e+01 9.456956101372805883e-10
3.100000000000000000e+01 8.893589904505133393e-10
3.200000000000000000e+01 8.381073540257169151e-10
3.300000000000000000e+01 7.889378361231516670e-10
3.400000000000000000e+01 7.440178862922926585e-10
3.500000000000000000e+01 7.028702445466680381e-10
3.600000000000000000e+01 6.650828877974124098e-10
3.700000000000000000e+01 6.302986089125088503e-10
3.800000000000000000e+01 5.982064879619132280e-10
3.900000000000000000e+01 5.685348728683634230e-10
4.000000000000000000e+01 5.410455716553493154e-10
4.100000000000000000e+01 5.148228077040578390e-10
4.200000000000000000e+01 4.904542884651268544e-10
4.300000000000000000e+01 4.677693834258768237e-10
4.400000000000000000e+01 4.466166400084755805e-10
4.500000000000000000e+01 4.268612543991956834e-10
4.600000000000000000e+01 4.083829230908949518e-10
4.700000000000000000e+01 3.910740110286537903e-10
4.800000000000000000e+01 3.748379841424733763e-10
4.900000000000000000e+01 3.599402644427926225e-10
5.000000000000000000e+01 3.459225737560126148e-10
5.100000000000000000e+01 3.327167604201915239e-10
5.200000000000000000e+01 3.202611513741881133e-10
5.300000000000000000e+01 3.084998265499078204e-10
5.400000000000000000e+01 2.973819863654244137e-10
5.500000000000000000e+01 2.868613989105666459e-10
5.600000000000000000e+01 2.768959155508133100e-10
5.700000000000000000e+01 2.678715232359253606e-10
5.800000000000000000e+01 2.592995145123937633e-10
5.900000000000000000e+01 2.511498289703716100e-10
6.000000000000000000e+01 2.433948729088985030e-10
6.100000000000000000e+01 2.360092798436456928e-10
6.200000000000000000e+01 2.289696977430740365e-10
6.300000000000000000e+01 2.222545996348066623e-10
6.400000000000000000e+01 2.158441146915817069e-10
6.500000000000000000e+01 2.097487434590153731e-10
6.600000000000000000e+01 2.039208880743712409e-10
6.700000000000000000e+01 1.983449177521903037e-10
6.800000000000000000e+01 1.930063328562291180e-10
6.900000000000000000e+01 1.878916678144979397e-10
7.000000000000000000e+01 1.829884036331522120e-10
7.100000000000000000e+01 1.782848889387159481e-10
7.200000000000000000e+01 1.737702686106651673e-10
7.300000000000000000e+01 1.692169903009971364e-10
7.400000000000000000e+01 1.648447060172278057e-10
7.500000000000000000e+01 1.606438895976293232e-10
7.600000000000000000e+01 1.566056350109055588e-10
7.700000000000000000e+01 1.527216084768622185e-10
7.800000000000000000e+01 1.489840048480673075e-10
7.900000000000000000e+01 1.453855078243818720e-10
8.000000000000000000e+01 1.419192536200457350e-10
8.100000000000000000e+01 1.387433061551240101e-10
8.200000000000000000e+01 1.356791255501553657e-10
8.300000000000000000e+01 1.327214470481522223e-10
8.400000000000000000e+01 1.298653142333044912e-10
8.500000000000000000e+01 1.271060575426536231e-10
8.600000000000000000e+01 1.244392745079973535e-10
8.700000000000000000e+01 1.218608115704352431e-10
8.800000000000000000e+01 1.193667473259427009e-10
8.900000000000000000e+01 1.169666457653133251e-10
9.000000000000000000e+01 1.146431494965424012e-10
9.100000000000000000e+01 1.123929743674604567e-10
9.200000000000000000e+01 1.102130116436538817e-10
9.300000000000000000e+01 1.081003168420433632e-10
9.400000000000000000e+01 1.060520993868016888e-10
9.500000000000000000e+01 1.040657130190278386e-10
9.600000000000000000e+01 1.021386468979679789e-10
9.700000000000000000e+01 1.002260434171011026e-10
9.800000000000000000e+01 9.836983706906867147e-11
9.900000000000000000e+01 9.656779797073431540e-11
1.000000000000000000e+02 9.481780606109984010e-11
1.010000000000000000e+02 9.311784465354668434e-11
1.020000000000000000e+02 9.146599442624577826e-11
1.030000000000000000e+02 8.986042781699429176e-11
1.040000000000000000e+02 8.829940379163496131e-11
1.050000000000000000e+02 8.684635689353455252e-11
1.060000000000000000e+02 8.543216608153371228e-11
1.070000000000000000e+02 8.405542417966700239e-11
1.080000000000000000e+02 8.271478778925769855e-11
1.090000000000000000e+02 8.140897383341440229e-11
1.100000000000000000e+02 8.013675631865215925e-11
1.110000000000000000e+02 7.889696329815644239e-11
1.120000000000000000e+02 7.768847402243942279e-11
1.130000000000000000e+02 7.650317730209589758e-11
1.140000000000000000e+02 7.534733177927400226e-11
1.150000000000000000e+02 7.421994530332153802e-11
1.160000000000000000e+02 7.312006758839249969e-11
1.170000000000000000e+02 7.204678810010898420e-11
1.180000000000000000e+02 7.099923406602803568e-11
1.190000000000000000e+02 6.997656860167761616e-11
1.200000000000000000e+02 6.897798894453743616e-11
1.210000000000000000e+02 6.801382342738426314e-11
1.220000000000000000e+02 6.707187159361239696e-11
1.230000000000000000e+02 6.615143663152361520e-11
1.240000000000000000e+02 6.525184916735917074e-11
1.250000000000000000e+02 6.437246597096375842e-11
1.260000000000000000e+02 6.351266873238237764e-11
1.270000000000000000e+02 6.267186290497219675e-11
1.280000000000000000e+02 6.184947661091860311e-11
1.290000000000000000e+02 6.107809250193667997e-11
1.300000000000000000e+02 6.032303253586782517e-11
1.310000000000000000e+02 5.958382159475580272e-11
1.320000000000000000e+02 5.886000200407726892e-11
1.330000000000000000e+02 5.815113276332637444e-11
1.340000000000000000e+02 5.745678881610147987e-11
1.350000000000000000e+02 5.677656035738579548e-11
1.360000000000000000e+02 5.611005217586472933e-11
1.370000000000000000e+02 5.546608685192581035e-11
1.380000000000000000e+02 5.483482688525503781e-11
1.390000000000000000e+02 5.421592579482419681e-11
1.400000000000000000e+02 5.360904904902039350e-11
1.410000000000000000e+02 5.301387356972994569e-11
1.420000000000000000e+02 5.243008726040480486e-11
1.430000000000000000e+02 5.185738855679025032e-11
1.440000000000000000e+02 5.129548599907432520e-11
1.450000000000000000e+02 5.075125994531571935e-11
1.460000000000000000e+02 5.021708026945583899e-11
1.470000000000000000e+02 4.969268942094398050e-11
1.480000000000000000e+02 4.917783821998887541e-11
1.490000000000000000e+02 4.867228552966506464e-11
1.500000000000000000e+02 4.817579794300230525e-11
1.510000000000000000e+02 4.768814948427742290e-11
1.520000000000000000e+02 4.720912132377368560e-11
1.530000000000000000e+02 4.674923771297080221e-11
1.540000000000000000e+02 4.629727914409679236e-11
1.550000000000000000e+02 4.585305468220044755e-11
1.560000000000000000e+02 4.541637924467174715e-11
1.570000000000000000e+02 4.498707338459157845e-11
1.580000000000000000e+02 4.456496308345073132e-11
1.590000000000000000e+02 4.414987955277600585e-11
1.600000000000000000e+02 4.374165904422641694e-11
1.610000000000000000e+02 4.334929046832806703e-11
1.620000000000000000e+02 4.296324664406597230e-11
1.630000000000000000e+02 4.258338408010097664e-11
1.640000000000000000e+02 4.220956344146111844e-11
1.650000000000000000e+02 4.184164940381539319e-11
1.660000000000000000e+02 4.147951051372512388e-11
1.670000000000000000e+02 4.112301905459302906e-11
1.680000000000000000e+02 4.077205091804423728e-11
1.690000000000000000e+02 4.043696167185954696e-11
1.700000000000000000e+02 4.010691209373981513e-11
1.710000000000000000e+02 3.978179462768649695e-11
1.720000000000000000e+02 3.946150466154950898e-11
1.730000000000000000e+02 3.914594042922852805e-11
1.740000000000000000e+02 3.883500291668254555e-11
1.750000000000000000e+02 3.852859577157815698e-11
1.760000000000000000e+02 3.822662521641531879e-11
1.770000000000000000e+02 3.793833611744101219e-11
1.780000000000000000e+02 3.765409423503780560e-11
1.790000000000000000e+02 3.737381827229381783e-11
1.800000000000000000e+02 3.709742903648749461e-11
1.810000000000000000e+02 3.682484937278541838e-11
1.820000000000000000e+02 3.655600410039402684e-11
1.830000000000000000e+02 3.629081995106094458e-11
1.840000000000000000e+02 3.602922550982717001e-11
1.850000000000000000e+02 3.576960864771950982e-11
1.860000000000000000e+02 3.551347708046282373e-11
1.870000000000000000e+02 3.526076382462133897e-11
1.880000000000000000e+02 3.501140355620969137e-11
1.890000000000000000e+02 3.476533256062726947e-11
1.900000000000000000e+02 3.452248868436726820e-11
1.910000000000000000e+02 3.428281128842822240e-11
1.920000000000000000e+02 3.404624120335942242e-11
1.930000000000000000e+02 3.381852843759358450e-11
1.940000000000000000e+02 3.359368944157735549e-11
1.950000000000000000e+02 3.337167194936192793e-11
1.960000000000000000e+02 3.315242492518141088e-11
1.970000000000000000e+02 3.293589852810046176e-11
1.980000000000000000e+02 3.272204407785768537e-11
1.990000000000000000e+02 3.251081402185840033e-11
2.000000000000000000e+02 3.230216190327240894e-11
2.010000000000000000e+02 3.210161771386203909e-11
2.020000000000000000e+02 3.190345158280031382e-11
2.030000000000000000e+02 3.170762259485616811e-11
2.040000000000000000e+02 3.151409074967011720e-11
2.050000000000000000e+02 3.132281693670709191e-11
2.060000000000000000e+02 3.113376291101798524e-11
2.070000000000000000e+02 3.094689126977999591e-11
2.080000000000000000e+02 3.076216542958688226e-11
2.090000000000000000e+02 3.058089573351994601e-11
2.100000000000000000e+02 3.040167546317738375e-11
2.110000000000000000e+02 3.022447090847825804e-11
2.120000000000000000e+02 3.004924908122549305e-11
2.130000000000000000e+02 2.987597769615456575e-11
2.140000000000000000e+02 2.970462515256953403e-11
2.150000000000000000e+02 2.953516051654542516e-11
2.160000000000000000e+02 2.936755350367691880e-11
2.170000000000000000e+02 2.920602953609476982e-11
2.180000000000000000e+02 2.904622660935070367e-11
2.190000000000000000e+02 2.888811788620753139e-11
2.200000000000000000e+02 2.873167707640528307e-11
2.210000000000000000e+02 2.857687842295677988e-11
2.220000000000000000e+02 2.842369668884929379e-11
2.230000000000000000e+02 2.827210714413852987e-11
2.240000000000000000e+02 2.812208555342158013e-11
2.250000000000000000e+02 2.797192361210885493e-11
2.260000000000000000e+02 2.782331233842783518e-11
2.270000000000000000e+02 2.767622832059751672e-11
2.280000000000000000e+02 2.753064860854491833e-11
2.290000000000000000e+02 2.738655070271597753e-11
2.300000000000000000e+02 2.724391254320714377e-11
2.310000000000000000e+02 2.710271249920704476e-11
2.320000000000000000e+02 2.696292935873804774e-11
2.330000000000000000e+02 2.682284352615336771e-11
2.340000000000000000e+02 2.668416236719197545e-11
2.350000000000000000e+02 2.654686531398075596e-11
2.360000000000000000e+02 2.641093219174107100e-11
2.370000000000000000e+02 2.627634320956104236e-11
2.380000000000000000e+02 2.614307895142394125e-11
2.390000000000000000e+02 2.601112036748448631e-11
2.400000000000000000e+02 2.588044876558515321e-11
2.410000000000000000e+02 2.575515901931500710e-11
2.420000000000000000e+02 2.563105206447587832e-11
2.430000000000000000e+02 2.550811148719022257e-11
2.440000000000000000e+02 2.538632117223571980e-11
2.450000000000000000e+02 2.526566529634912107e-11
2.460000000000000000e+02 2.514612832170807829e-11
2.470000000000000000e+02 2.502769498958541200e-11
2.480000000000000000e+02 2.491035031417056653e-11
2.490000000000000000e+02 2.479044222859164246e-11
2.500000000000000000e+02 2.467165170411318545e-11
2.510000000000000000e+02 2.455396349897998181e-11
2.520000000000000000e+02 2.443736264316266026e-11
2.530000000000000000e+02 2.432183443240115138e-11
2.540000000000000000e+02 2.420736442240264570e-11
2.550000000000000000e+02 2.409393842318942980e-11
2.560000000000000000e+02 2.398154249359217051e-11
2.570000000000000000e+02 2.386461941736145134e-11
2.580000000000000000e+02 2.374878503296911717e-11
2.590000000000000000e+02 2.363402462652325567e-11
2.600000000000000000e+02 2.352032374273752329e-11
2.610000000000000000e+02 2.340766817936182224e-11
2.620000000000000000e+02 2.329604398175451256e-11
2.630000000000000000e+02 2.318543743759207831e-11
2.640000000000000000e+02 2.307583507171224457e-11
2.650000000000000000e+02 2.296654722491263120e-11
2.660000000000000000e+02 2.285824745012326971e-11
2.670000000000000000e+02 2.275092278321136312e-11
2.680000000000000000e+02 2.264456048122894675e-11
2.690000000000000000e+02 2.253914801778887430e-11
2.700000000000000000e+02 2.243467307855491927e-11
2.710000000000000000e+02 2.233112355684272186e-11
2.720000000000000000e+02 2.222848754932849224e-11
2.730000000000000000e+02 2.212321836696295584e-11
2.740000000000000000e+02 2.201889099703294340e-11
2.750000000000000000e+02 2.191549328019977751e-11
2.760000000000000000e+02 2.181301326056725457e-11
2.770000000000000000e+02 2.171143918151982119e-11
2.780000000000000000e+02 2.161075948166111099e-11
2.790000000000000000e+02 2.151096279085007244e-11
2.800000000000000000e+02 2.141203792633193176e-11
2.810000000000000000e+02 2.131041004949425125e-11
2.820000000000000000e+02 2.120968264186670106e-11
2.830000000000000000e+02 2.110984425957996407e-11
2.840000000000000000e+02 2.101088364658787504e-11
2.850000000000000000e+02 2.091278973090654378e-11
2.860000000000000000e+02 2.081555162094205449e-11
2.870000000000000000e+02 2.071915860190445688e-11
2.880000000000000000e+02 2.062360013230565792e-11
2.890000000000000000e+02 2.052540429126489097e-11
2.900000000000000000e+02 2.042807008617728677e-11
2.910000000000000000e+02 2.033158673946085218e-11
2.920000000000000000e+02 2.023594364703812996e-11
2.930000000000000000e+02 2.014113037493545572e-11
2.940000000000000000e+02 2.004713665596057729e-11
2.950000000000000000e+02 1.995395238645657504e-11
2.960000000000000000e+02 1.986156762312999909e-11
2.970000000000000000e+02 1.976366963831805631e-11
2.980000000000000000e+02 1.966663620315117213e-11
2.990000000000000000e+02 1.957045656807950593e-11
3.000000000000000000e+02 1.947512015445683865e-11
3.010000000000000000e+02 1.938061655124507555e-11
3.020000000000000000e+02 1.928693551179327922e-11
3.030000000000000000e+02 1.919406695068929740e-11
3.040000000000000000e+02 1.910200094068205651e-11
3.050000000000000000e+02 1.900658175077874549e-11
3.060000000000000000e+02 1.891199982697159720e-11
3.070000000000000000e+02 1.881824490690015407e-11
3.080000000000000000e+02 1.872530688841449353e-11
3.090000000000000000e+02 1.863317582654844817e-11
3.100000000000000000e+02 1.854184193055975311e-11
3.110000000000000000e+02 1.845129556103547290e-11
3.120000000000000000e+02 1.836152722706105987e-11
3.130000000000000000e+02 1.827029780162941268e-11
3.140000000000000000e+02 1.817985622403172924e-11
3.150000000000000000e+02 1.809019302798117813e-11
3.160000000000000000e+02 1.800129889178649983e-11
3.170000000000000000e+02 1.791316463568184190e-11
3.180000000000000000e+02 1.782578121921436104e-11
3.190000000000000000e+02 1.773913973868803465e-11
3.200000000000000000e+02 1.765323142466243469e-11
3.210000000000000000e+02 1.756330683374783281e-11
3.220000000000000000e+02 1.747415706403096980e-11
3.230000000000000000e+02 1.738577291642557766e-11
3.240000000000000000e+02 1.729814533006154956e-11
3.250000000000000000e+02 1.721126537978052777e-11
3.260000000000000000e+02 1.712512427368451189e-11
3.270000000000000000e+02 1.703971335073621116e-11
3.280000000000000000e+02 1.695502407840988700e-11
3.290000000000000000e+02 1.686854124464200407e-11
3.300000000000000000e+02 1.678279371231351353e-11
3.310000000000000000e+02 1.669777290897844607e-11
3.320000000000000000e+02 1.661347038839303206e-11
3.330000000000000000e+02 1.652987782827764158e-11
3.340000000000000000e+02 1.644698702812511771e-11
3.350000000000000000e+02 1.636478990705432685e-11
3.360000000000000000e+02 1.628327850170792441e-11
3.370000000000000000e+02 1.619886004622658212e-11
3.380000000000000000e+02 1.611515408643775912e-11
3.390000000000000000e+02 1.603215243786674221e-11
3.400000000000000000e+02 1.594984703437000333e-11
3.410000000000000000e+02 1.586822992607787539e-11
3.420000000000000000e+02 1.578729327737893604e-11
3.430000000000000000e+02 1.570702936494520769e-11
3.440000000000000000e+02 1.562743057579711384e-11
3.450000000000000000e+02 1.554486615581961787e-11
3.460000000000000000e+02 1.546299378341519058e-11
3.470000000000000000e+02 1.538180562378423248e-11
3.480000000000000000e+02 1.530129395340483088e-11
3.490000000000000000e+02 1.522145115813533040e-11
3.500000000000000000e+02 1.514226973135464673e-11
3.510000000000000000e+02 1.506374227213940617e-11
3.520000000000000000e+02 1.498586148347712561e-11
3.530000000000000000e+02 1.490883690413048513e-11
3.540000000000000000e+02 1.483244226056402846e-11
3.550000000000000000e+02 1.475667058808084104e-11
3.560000000000000000e+02 1.468151501862875380e-11
3.570000000000000000e+02 1.460696877918995173e-11
3.580000000000000000e+02 1.453302519020181984e-11
3.590000000000000000e+02 1.445967766400844493e-11
3.600000000000000000e+02 1.438691970334196203e-11
3.610000000000000000e+02 1.431198369439088330e-11
3.620000000000000000e+02 1.423765499008203426e-11
3.630000000000000000e+02 1.416392697830222666e-11
3.640000000000000000e+02 1.409079313705698276e-11
3.650000000000000000e+02 1.401824703299754473e-11
3.660000000000000000e+02 1.394628231997591777e-11
3.670000000000000000e+02 1.387489273762734747e-11
3.680000000000000000e+02 1.380407210997966284e-11
3.690000000000000000e+02 1.373132949174457020e-11
3.700000000000000000e+02 1.365917055097866509e-11
3.710000000000000000e+02 1.358758903184753047e-11
3.720000000000000000e+02 1.351657876225627681e-11
3.730000000000000000e+02 1.344613365250680343e-11
3.740000000000000000e+02 1.337624769398013853e-11
3.750000000000000000e+02 1.330691495784328933e-11
3.760000000000000000e+02 1.323812959378012729e-11
3.770000000000000000e+02 1.317051617757068804e-11
3.780000000000000000e+02 1.310343200185905529e-11
3.790000000000000000e+02 1.303687152348782219e-11
3.800000000000000000e+02 1.297082927186287669e-11
3.810000000000000000e+02 1.290529984781507821e-11
3.820000000000000000e+02 1.284027792248272855e-11
3.830000000000000000e+02 1.277575823621440247e-11
3.840000000000000000e+02 1.271173559749172423e-11
3.850000000000000000e+02 1.264777839959276858e-11
3.860000000000000000e+02 1.258431248017085539e-11
3.870000000000000000e+02 1.252133279457988725e-11
3.880000000000000000e+02 1.245883436289279793e-11
3.890000000000000000e+02 1.239681226890670777e-11
3.900000000000000000e+02 1.233526165916588116e-11
3.910000000000000000e+02 1.227417774200213891e-11
3.920000000000000000e+02 1.221355578659235376e-11
3.930000000000000000e+02 1.215235102753623491e-11
3.940000000000000000e+02 1.209160949337112858e-11
3.950000000000000000e+02 1.203132651032832353e-11
3.960000000000000000e+02 1.197149746349220131e-11
3.970000000000000000e+02 1.191211779591273124e-11
3.980000000000000000e+02 1.185318300773355419e-11
3.990000000000000000e+02 1.179468865533534497e-11
4.000000000000000000e+02 1.173663035049411727e-11
4.010000000000000000e+02 1.167911271491012304e-11
4.020000000000000000e+02 1.162202143054297344e-11
4.030000000000000000e+02 1.156535228252541607e-11
4.040000000000000000e+02 1.150910110800334778e-11
4.050000000000000000e+02 1.145326379536703589e-11
4.060000000000000000e+02 1.139783628349560665e-11
4.070000000000000000e+02 1.134281456101446967e-11
4.080000000000000000e+02 1.128819466556546516e-11
4.090000000000000000e+02 1.123357212204036168e-11
4.100000000000000000e+02 1.117934752817000431e-11
4.110000000000000000e+02 1.112551702170672492e-11
4.120000000000000000e+02 1.107207678717401407e-11
4.130000000000000000e+02 1.101902305518827974e-11
4.140000000000000000e+02 1.096635210179207187e-11
4.150000000000000000e+02 1.091406024779850625e-11
4.160000000000000000e+02 1.086214385814673888e-11
4.170000000000000000e+02 1.081140649370739502e-11
4.180000000000000000e+02 1.076102973863423798e-11
4.190000000000000000e+02 1.071101016924016057e-11
4.200000000000000000e+02 1.066134440244226126e-11
4.210000000000000000e+02 1.061202909518485186e-11
4.220000000000000000e+02 1.056306094387200184e-11
4.230000000000000000e+02 1.051443668380947098e-11
4.240000000000000000e+02 1.046615308865581684e-11
4.250000000000000000e+02 1.042012819076089432e-11
4.260000000000000000e+02 1.037441959954035163e-11
4.270000000000000000e+02 1.032902439017481216e-11
4.280000000000000000e+02 1.028393967172996532e-11
4.290000000000000000e+02 1.023916258668546948e-11
4.300000000000000000e+02 1.019469031047149165e-11
4.310000000000000000e+02 1.015052005101273713e-11
4.320000000000000000e+02 1.010664904827983330e-11
4.330000000000000000e+02 1.006321855879910991e-11
4.340000000000000000e+02 1.002008057484336739e-11
4.350000000000000000e+02 9.977232443597346691e-12
4.360000000000000000e+02 9.934671542400779158e-12
4.370000000000000000e+02 9.892395278336951436e-12
4.380000000000000000e+02 9.850401087827819930e-12
4.390000000000000000e+02 9.808686436235547244e-12
4.400000000000000000e+02 9.767248817470360410e-12
4.410000000000000000e+02 9.726737203837177984e-12
4.420000000000000000e+02 9.686491806149827831e-12
4.430000000000000000e+02 9.646510261422232139e-12
4.440000000000000000e+02 9.606790232991681726e-12
4.450000000000000000e+02 9.567329410166618662e-12
4.460000000000000000e+02 9.528125507879915114e-12
4.470000000000000000e+02 9.489176266347551481e-12
4.480000000000000000e+02 9.450479450732593662e-12
4.490000000000000000e+02 9.413385234024819787e-12
4.500000000000000000e+02 9.376527039256498380e-12
4.510000000000000000e+02 9.339902824146606316e-12
4.520000000000000000e+02 9.303510568657722845e-12
4.530000000000000000e+02 9.267348274704572829e-12
4.540000000000000000e+02 9.231413965867054846e-12
4.550000000000000000e+02 9.195705687107629761e-12
4.560000000000000000e+02 9.160221504493018073e-12
4.570000000000000000e+02 9.125987401222576667e-12
4.580000000000000000e+02 9.091964620991243855e-12
4.590000000000000000e+02 9.058151379371089450e-12
4.600000000000000000e+02 9.024545910949687449e-12
4.610000000000000000e+02 8.991146469086007282e-12
4.620000000000000000e+02 8.957951325669969213e-12
4.630000000000000000e+02 8.924958770885596029e-12
4.640000000000000000e+02 8.892167112977704492e-12
4.650000000000000000e+02 8.860916158462911878e-12
4.660000000000000000e+02 8.829851268082109927e-12
4.670000000000000000e+02 8.798970913616155574e-12
4.680000000000000000e+02 8.768273582747226802e-12
4.690000000000000000e+02 8.737757778859087603e-12
4.700000000000000000e+02 8.707422020840285230e-12
4.710000000000000000e+02 8.677264842890242581e-12
4.720000000000000000e+02 8.647284794328181099e-12
4.730000000000000000e+02 8.618073303118559098e-12
4.740000000000000000e+02 8.589031086752541774e-12
4.750000000000000000e+02 8.560156786087607999e-12
4.760000000000000000e+02 8.531449055834770300e-12
4.770000000000000000e+02 8.502906564387926859e-12
4.780000000000000000e+02 8.474527993655674038e-12
4.790000000000000000e+02 8.446312038895513217e-12
4.800000000000000000e+02 8.418257408550466463e-12
4.810000000000000000e+02 8.391427500358007334e-12
4.820000000000000000e+02 8.364747546059080205e-12
4.830000000000000000e+02 8.338216374843781524e-12
4.840000000000000000e+02 8.311832827552899646e-12
4.850000000000000000e+02 8.285595756537499314e-12
4.860000000000000000e+02 8.259504025520477144e-12
4.870000000000000000e+02 8.233556509460070368e-12
4.880000000000000000e+02 8.207752094415297808e-12
4.890000000000000000e+02 8.183801992219321325e-12
4.900000000000000000e+02 8.159978832113768474e-12
4.910000000000000000e+02 8.136281660518893438e-12
4.920000000000000000e+02 8.112709533051565451e-12
4.930000000000000000e+02 8.089261514417396047e-12
4.940000000000000000e+02 8.065936678304320338e-12
4.950000000000000000e+02 8.042734107277675934e-12
4.960000000000000000e+02 8.019652892676705203e-12
4.970000000000000000e+02 7.997594077765731272e-12
4.980000000000000000e+02 7.975647590623212324e-12
4.990000000000000000e+02 7.953812613503571129e-12
5.000000000000000000e+02 7.932088336340345520e-12
5.010000000000000000e+02 7.910473956658219670e-12
5.020000000000000000e+02 7.888968679486250908e-12
5.030000000000000000e+02 7.867571717272259760e-12
5.040000000000000000e+02 7.846282289798360584e-12
5.050000000000000000e+02 7.825719477521762283e-12
5.060000000000000000e+02 7.805257766035068354e-12
5.070000000000000000e+02 7.784896440033307715e-12
5.080000000000000000e+02 7.764634790763875106e-12
5.090000000000000000e+02 7.744472115953141426e-12
5.100000000000000000e+02 7.724407719734036651e-12
5.110000000000000000e+02 7.704440912574592423e-12
5.120000000000000000e+02 7.684571011207416818e-12
5.130000000000000000e+02 7.665912058893345083e-12
5.140000000000000000e+02 7.647339997925208080e-12
5.150000000000000000e+02 7.628854239067937183e-12
5.160000000000000000e+02 7.610454198296898683e-12
5.170000000000000000e+02 7.592139296741296531e-12
5.180000000000000000e+02 7.573908960628306957e-12
5.190000000000000000e+02 7.555762621227927168e-12
5.200000000000000000e+02 7.537699714798525216e-12
5.210000000000000000e+02 7.520493207201212095e-12
5.220000000000000000e+02 7.503363098127916821e-12
5.230000000000000000e+02 7.486308889385296884e-12
5.240000000000000000e+02 7.469330087039849372e-12
5.250000000000000000e+02 7.452426201373013804e-12
5.260000000000000000e+02 7.435596746836808108e-12
5.270000000000000000e+02 7.418841242010030057e-12
5.280000000000000000e+02 7.402159209555019304e-12
5.290000000000000000e+02 7.386316114192554262e-12
5.300000000000000000e+02 7.370539773395980557e-12
5.310000000000000000e+02 7.354829770720427161e-12
5.320000000000000000e+02 7.339185693147135674e-12
5.330000000000000000e+02 7.323607131048532944e-12
5.340000000000000000e+02 7.308093678153777056e-12
5.350000000000000000e+02 7.292644931514684602e-12
5.360000000000000000e+02 7.277260491472079610e-12
5.370000000000000000e+02 7.262970872419268584e-12
5.380000000000000000e+02 7.248737112738152910e-12
5.390000000000000000e+02 7.234558886311459384e-12
5.400000000000000000e+02 7.220435869550072794e-12
5.410000000000000000e+02 7.206367741368625200e-12
5.420000000000000000e+02 7.192354183161382492e-12
5.430000000000000000e+02 7.178394878778392672e-12
5.440000000000000000e+02 7.164489514501918467e-12
5.450000000000000000e+02 7.150977099943223655e-12
5.460000000000000000e+02 7.137515521668183848e-12
5.470000000000000000e+02 7.124104493530036071e-12
5.480000000000000000e+02 7.110743731524136444e-12
5.490000000000000000e+02 7.097432953767972144e-12
5.500000000000000000e+02 7.084171880481377726e-12
5.510000000000000000e+02 7.070960233966992988e-12
5.520000000000000000e+02 7.057797738590925195e-12
5.530000000000000000e+02 7.045076926615790646e-12
5.540000000000000000e+02 7.032401887041690729e-12
5.550000000000000000e+02 7.019772373265567696e-12
5.560000000000000000e+02 7.007188140452636028e-12
5.570000000000000000e+02 6.994648945520549692e-12
5.580000000000000000e+02 6.982154547123764866e-12
5.590000000000000000e+02 6.969704705638048884e-12
5.600000000000000000e+02 6.957299183145160431e-12
5.610000000000000000e+02 6.945397877195712421e-12
5.620000000000000000e+02 6.933537147400301722e-12
5.630000000000000000e+02 6.921716786998383498e-12
5.640000000000000000e+02 6.909936590628867604e-12
5.650000000000000000e+02 6.898196354318331268e-12
5.660000000000000000e+02 6.886495875469349702e-12
5.670000000000000000e+02 6.874834952848925271e-12
5.680000000000000000e+02 6.863213386577061247e-12
5.690000000000000000e+02 6.851767750609577493e-12
5.700000000000000000e+02 6.840360116279400952e-12
5.710000000000000000e+02 6.828990295248902497e-12
5.720000000000000000e+02 6.817658100418470960e-12
5.730000000000000000e+02 6.806363345916402787e-12
5.740000000000000000e+02 6.795105847088882166e-12
5.750000000000000000e+02 6.783885420490061323e-12
5.760000000000000000e+02 6.772701883872239368e-12
5.770000000000000000e+02 6.761723140082903960e-12
5.780000000000000000e+02 6.750779763130608796e-12
5.790000000000000000e+02 6.739871583328981893e-12
5.800000000000000000e+02 6.728998432068539450e-12
5.810000000000000000e+02 6.718160141808211288e-12
5.820000000000000000e+02 6.707356546066964835e-12
5.830000000000000000e+02 6.696587479415491322e-12
5.840000000000000000e+02 6.685852777467971933e-12
5.850000000000000000e+02 6.675190435994467676e-12
5.860000000000000000e+02 6.664561873301658757e-12
5.870000000000000000e+02 6.653966930078985100e-12
5.880000000000000000e+02 6.643405448009151215e-12
5.890000000000000000e+02 6.632877269760452155e-12
5.900000000000000000e+02 6.622382238979188342e-12
5.910000000000000000e+02 6.611920200282136925e-12
5.920000000000000000e+02 6.601490999249095847e-12
5.930000000000000000e+02 6.590885081762403844e-12
5.940000000000000000e+02 6.580313104877336015e-12
5.950000000000000000e+02 6.569774906371957835e-12
5.960000000000000000e+02 6.559270325053389465e-12
5.970000000000000000e+02 6.548799200749693083e-12
5.980000000000000000e+02 6.538361374301825642e-12
5.990000000000000000e+02 6.527956687555669993e-12
6.000000000000000000e+02 6.517584983354151619e-12
6.010000000000000000e+02 6.507096065659316748e-12
6.020000000000000000e+02 6.496640815269496957e-12
6.030000000000000000e+02 6.486219070544576690e-12
6.040000000000000000e+02 6.475830670876165645e-12
6.050000000000000000e+02 6.465475456679394015e-12
6.060000000000000000e+02 6.455153269384786887e-12
6.070000000000000000e+02 6.444863951430204087e-12
6.080000000000000000e+02 6.434607346252876943e-12
6.090000000000000000e+02 6.424066747692037502e-12
6.100000000000000000e+02 6.413560625789620579e-12
6.110000000000000000e+02 6.403088811671094802e-12
6.120000000000000000e+02 6.392651137563041097e-12
6.130000000000000000e+02 6.382247436784191025e-12
6.140000000000000000e+02 6.371877543736553976e-12
6.150000000000000000e+02 6.361541293896629994e-12
6.160000000000000000e+02 6.351238523806713068e-12
6.170000000000000000e+02 6.340357138100591912e-12
6.180000000000000000e+02 6.329512865918750592e-12
6.190000000000000000e+02 6.318705518202345729e-12
6.200000000000000000e+02 6.307934907171450492e-12
6.210000000000000000e+02 6.297200846314271358e-12
6.220000000000000000e+02 6.286503150376490895e-12
6.230000000000000000e+02 6.275841635350707474e-12
6.240000000000000000e+02 6.265216118465984039e-12
6.250000000000000000e+02 6.254238239575037101e-12
6.260000000000000000e+02 6.243298475344719636e-12
6.270000000000000000e+02 6.232396628878498482e-12
6.280000000000000000e+02 6.221532504626362072e-12
6.290000000000000000e+02 6.210705908373378043e-12
6.300000000000000000e+02 6.199916647228368775e-12
6.310000000000000000e+02 6.189164529612714566e-12
6.320000000000000000e+02 6.178449365249248895e-12
6.330000000000000000e+02 6.167277141754737892e-12
6.340000000000000000e+02 6.156144607966572733e-12
6.350000000000000000e+02 6.145051555402218877e-12
6.360000000000000000e+02 6.133997777022040425e-12
6.370000000000000000e+02 6.122983067216952185e-12
6.380000000000000000e+02 6.112007221796178368e-12
6.390000000000000000e+02 6.101070037975150229e-12
6.400000000000000000e+02 6.090171314363523253e-12
6.410000000000000000e+02 6.078800429638772886e-12
6.420000000000000000e+02 6.067470784196383456e-12
6.430000000000000000e+02 6.056182158536185831e-12
6.440000000000000000e+02 6.044934334689384724e-12
6.450000000000000000e+02 6.033727096205386005e-12
6.460000000000000000e+02 6.022560228138760529e-12
6.470000000000000000e+02 6.011433517036338826e-12
6.480000000000000000e+02 6.000346750924435036e-12
6.490000000000000000e+02 5.988785159736989365e-12
6.500000000000000000e+02 5.977266258065292379e-12
6.510000000000000000e+02 5.965789816444019436e-12
6.520000000000000000e+02 5.954355607016159657e-12
6.530000000000000000e+02 5.942963403519164687e-12
6.540000000000000000e+02 5.931612981271238822e-12
6.550000000000000000e+02 5.920304117157777771e-12
6.560000000000000000e+02 5.909036589617929398e-12
6.570000000000000000e+02 5.896971730563885240e-12
6.580000000000000000e+02 5.884952862645668523e-12
6.590000000000000000e+02 5.872979734132666202e-12
6.600000000000000000e+02 5.861052095076257035e-12
6.610000000000000000e+02 5.849169697294398880e-12
6.620000000000000000e+02 5.837332294356375127e-12
6.630000000000000000e+02 5.825539641567680885e-12
6.640000000000000000e+02 5.813791495955085256e-12
6.650000000000000000e+02 5.801544677335375034e-12
6.660000000000000000e+02 5.789345143496333017e-12
6.670000000000000000e+02 5.777192634573304384e-12
6.680000000000000000e+02 5.765086892539859047e-12
6.690000000000000000e+02 5.753027661191945973e-12
6.700000000000000000e+02 5.741014686132216336e-12
6.710000000000000000e+02 5.729047714754487223e-12
6.720000000000000000e+02 5.717126496228383052e-12
6.730000000000000000e+02 5.705035709436458692e-12
6.740000000000000000e+02 5.692991454547221034e-12
6.750000000000000000e+02 5.680993477470378127e-12
6.760000000000000000e+02 5.669041525898489314e-12
6.770000000000000000e+02 5.657135349291743975e-12
6.780000000000000000e+02 5.645274698862877602e-12
6.790000000000000000e+02 5.633459327562257503e-12
6.800000000000000000e+02 5.621688990063101797e-12
6.810000000000000000e+02 5.609372131436846465e-12
6.820000000000000000e+02 5.597103286627626498e-12
6.830000000000000000e+02 5.584882192573658880e-12
6.840000000000000000e+02 5.572708588056150506e-12
6.850000000000000000e+02 5.560582213683635060e-12
6.860000000000000000e+02 5.548502811876448034e-12
6.870000000000000000e+02 5.536470126851368957e-12
6.880000000000000000e+02 5.524483904606415485e-12
6.890000000000000000e+02 5.511938743638380216e-12
6.900000000000000000e+02 5.499443048299710444e-12
6.910000000000000000e+02 5.486996547029575814e-12
6.920000000000000000e+02 5.474598970164735451e-12
6.930000000000000000e+02 5.462250049923482263e-12
6.940000000000000000e+02 5.449949520389752825e-12
6.950000000000000000e+02 5.437697117497387530e-12
6.960000000000000000e+02 5.425492579014549861e-12
6.970000000000000000e+02 5.413152616652454052e-12
6.980000000000000000e+02 5.400861047796635479e-12
6.990000000000000000e+02 5.388617608883550963e-12
7.000000000000000000e+02 5.376422038174513879e-12
7.010000000000000000e+02 5.364274075740406672e-12
7.020000000000000000e+02 5.352173463446545221e-12
7.030000000000000000e+02 5.340119944937691043e-12
7.040000000000000000e+02 5.328113265623205658e-12
7.050000000000000000e+02 5.315924613045310002e-12
7.060000000000000000e+02 5.303783589753910352e-12
7.070000000000000000e+02 5.291689938133946301e-12
7.080000000000000000e+02 5.279643402338985915e-12
7.090000000000000000e+02 5.267643728276548122e-12
7.100000000000000000e+02 5.255690663593569699e-12
7.110000000000000000e+02 5.243783957662003121e-12
7.120000000000000000e+02 5.231923361564567081e-12
7.130000000000000000e+02 5.219881351287351669e-12
7.140000000000000000e+02 5.207886230453379007e-12
7.150000000000000000e+02 5.195937747191202091e-12
7.160000000000000000e+02 5.184035651344047432e-12
7.170000000000000000e+02 5.172179694455719060e-12
7.180000000000000000e+02 5.160369629756630964e-12
7.190000000000000000e+02 5.148605212149985747e-12
7.200000000000000000e+02 5.136886198198072019e-12
7.210000000000000000e+02 5.125019865888907097e-12
7.220000000000000000e+02 5.113199520916103688e-12
7.230000000000000000e+02 5.101424918110349571e-12
7.240000000000000000e+02 5.089695813956724450e-12
7.250000000000000000e+02 5.078011966581221911e-12
7.260000000000000000e+02 5.066373135737407102e-12
7.270000000000000000e+02 5.054779082793193957e-12
7.280000000000000000e+02 5.043229570717755708e-12
7.290000000000000000e+02 5.031625798490576365e-12
7.300000000000000000e+02 5.020066637537965603e-12
7.310000000000000000e+02 5.008551852235348933e-12
7.320000000000000000e+02 4.997081208532436514e-12
7.330000000000000000e+02 4.985654473940533525e-12
7.340000000000000000e+02 4.974271417519966050e-12
7.350000000000000000e+02 4.962931809867625710e-12
7.360000000000000000e+02 4.951635423104637075e-12
7.370000000000000000e+02 4.940616987083644498e-12
7.380000000000000000e+02 4.929640048105518920e-12
7.390000000000000000e+02 4.918704390535299415e-12
7.400000000000000000e+02 4.907809800158280437e-12
7.410000000000000000e+02 4.896956064168712401e-12
7.420000000000000000e+02 4.886142971158605668e-12
7.430000000000000000e+02 4.875370311106645998e-12
7.440000000000000000e+02 4.864637875367201291e-12
7.450000000000000000e+02 4.854124564371360960e-12
7.460000000000000000e+02 4.843650104760993841e-12
7.470000000000000000e+02 4.833214297730187540e-12
7.480000000000000000e+02 4.822816945764605142e-12
7.490000000000000000e+02 4.812457852631340939e-12
7.500000000000000000e+02 4.802136823368870674e-12
7.510000000000000000e+02 4.791853664277093056e-12
7.520000000000000000e+02 4.781608182907459335e-12
7.530000000000000000e+02 4.771297214024012911e-12
7.540000000000000000e+02 4.761024087600319257e-12
7.550000000000000000e+02 4.750788611632515943e-12
7.560000000000000000e+02 4.740590595352639655e-12
7.570000000000000000e+02 4.730429849219016681e-12
7.580000000000000000e+02 4.720306184906728526e-12
7.590000000000000000e+02 4.710219415298180923e-12
7.600000000000000000e+02 4.700169354473741500e-12
7.610000000000000000e+02 4.690385860956977573e-12
7.620000000000000000e+02 4.680637501158193320e-12
7.630000000000000000e+02 4.670924099809042041e-12
7.640000000000000000e+02 4.661245482752944937e-12
7.650000000000000000e+02 4.651601476936555157e-12
7.660000000000000000e+02 4.641991910401304237e-12
7.670000000000000000e+02 4.632416612275021241e-12
7.680000000000000000e+02 4.622875412763625415e-12
7.690000000000000000e+02 4.613706524750801895e-12
7.700000000000000000e+02 4.604569642281034300e-12
7.710000000000000000e+02 4.595464608991793864e-12
7.720000000000000000e+02 4.586391269495418105e-12
7.730000000000000000e+02 4.577349469371734046e-12
7.740000000000000000e+02 4.568339055160763036e-12
7.750000000000000000e+02 4.559359874355471611e-12
7.760000000000000000e+02 4.550411775394604744e-12
7.770000000000000000e+02 4.541784313050803056e-12
7.780000000000000000e+02 4.533186143707210759e-12
7.790000000000000000e+02 4.524617127190651857e-12
7.800000000000000000e+02 4.516077124186931374e-12
7.810000000000000000e+02 4.507565996234440864e-12
7.820000000000000000e+02 4.499083605717817229e-12
7.830000000000000000e+02 4.490629815861661316e-12
7.840000000000000000e+02 4.482204490724302561e-12
7.850000000000000000e+02 4.474180095981837174e-12
7.860000000000000000e+02 4.466182001570387653e-12
7.870000000000000000e+02 4.458210084841104958e-12
7.880000000000000000e+02 4.450264223881254052e-12
7.890000000000000000e+02 4.442344297508827536e-12
7.900000000000000000e+02 4.434450185267207750e-12
7.910000000000000000e+02 4.426581767419876528e-12
7.920000000000000000e+02 4.418738924945169393e-12
7.930000000000000000e+02 4.411202726561384572e-12
7.940000000000000000e+02 4.403690451963392395e-12
7.950000000000000000e+02 4.396201992251234284e-12
7.960000000000000000e+02 4.388737239165645050e-12
7.970000000000000000e+02 4.381296085083448471e-12
7.980000000000000000e+02 4.373878423012992452e-12
7.990000000000000000e+02 4.366484146589618105e-12
8.000000000000000000e+02 4.359113150071174886e-12
8.010000000000000000e+02 4.352104764439881038e-12
8.020000000000000000e+02 4.345117757186260699e-12
8.030000000000000000e+02 4.338152033884564404e-12
8.040000000000000000e+02 4.331207500651147299e-12
8.050000000000000000e+02 4.324284064140661198e-12
8.060000000000000000e+02 4.317381631542266841e-12
8.070000000000000000e+02 4.310500110575880884e-12
8.080000000000000000e+02 4.303639409488456817e-12
8.090000000000000000e+02 4.297120240160697028e-12
8.100000000000000000e+02 4.290620125537194657e-12
8.110000000000000000e+02 4.284138984203475819e-12
8.120000000000000000e+02 4.277676735199889142e-12
8.130000000000000000e+02 4.271233298018479607e-12
8.140000000000000000e+02 4.264808592599891465e-12
8.150000000000000000e+02 4.258402539330284084e-12
8.160000000000000000e+02 4.252015059038288989e-12
8.170000000000000000e+02 4.246023202204790091e-12
8.180000000000000000e+02 4.240047918296082319e-12
8.190000000000000000e+02 4.234089139570461439e-12
8.200000000000000000e+02 4.228146798650946861e-12
8.210000000000000000e+02 4.222220828522850984e-12
8.220000000000000000e+02 4.216311162531368744e-12
8.230000000000000000e+02 4.210417734379186543e-12
8.240000000000000000e+02 4.204540478124108144e-12
8.250000000000000000e+02 4.199048084378163088e-12
8.260000000000000000e+02 4.193569947037534066e-12
8.270000000000000000e+02 4.188106010916444843e-12
8.280000000000000000e+02 4.182656221112462473e-12
8.290000000000000000e+02 4.177220523004679760e-12
8.300000000000000000e+02 4.171798862251925995e-12
8.310000000000000000e+02 4.166391184790981737e-12
8.320000000000000000e+02 4.160997436834808126e-12
8.330000000000000000e+02 4.155909587118893066e-12
8.340000000000000000e+02 4.150834160408571942e-12
8.350000000000000000e+02 4.145771111273904520e-12
8.360000000000000000e+02 4.140720394506123633e-12
8.370000000000000000e+02 4.135681965116291019e-12
8.380000000000000000e+02 4.130655778333967691e-12
8.390000000000000000e+02 4.125641789605881074e-12
8.400000000000000000e+02 4.120639954594622040e-12
8.410000000000000000e+02 4.115893811473084677e-12
8.420000000000000000e+02 4.111158577562506996e-12
8.430000000000000000e+02 4.106434215334933257e-12
8.440000000000000000e+02 4.101720687434139791e-12
8.450000000000000000e+02 4.097017956674647058e-12
8.460000000000000000e+02 4.092325986040754342e-12
8.470000000000000000e+02 4.087644738685568777e-12
8.480000000000000000e+02 4.082974177930041656e-12
8.490000000000000000e+02 4.078595053398828166e-12
8.500000000000000000e+02 4.074225222039656871e-12
8.510000000000000000e+02 4.069864654650264451e-12
8.520000000000000000e+02 4.065513322148795682e-12
8.530000000000000000e+02 4.061171195573204049e-12
8.540000000000000000e+02 4.056838246080638633e-12
8.550000000000000000e+02 4.052514444946849573e-12
8.560000000000000000e+02 4.048199763565587880e-12
8.570000000000000000e+02 4.044203561080302110e-12
8.580000000000000000e+02 4.040214979960631468e-12
8.590000000000000000e+02 4.036233999498035810e-12
8.600000000000000000e+02 4.032260599052841817e-12
8.610000000000000000e+02 4.028294758054005501e-12
8.620000000000000000e+02 4.024336455998871490e-12
8.630000000000000000e+02 4.020385672452930680e-12
8.640000000000000000e+02 4.016442387049587599e-12
8.650000000000000000e+02 4.012612511963119030e-12
8.660000000000000000e+02 4.008789605475842857e-12
8.670000000000000000e+02 4.004973649960125830e-12
8.680000000000000000e+02 4.001164627839720061e-12
8.690000000000000000e+02 3.997362521589632973e-12
8.700000000000000000e+02 3.993567313736008552e-12
8.710000000000000000e+02 3.989778986855997293e-12
8.720000000000000000e+02 3.985997523577635840e-12
8.730000000000000000e+02 3.982343132662820208e-12
8.740000000000000000e+02 3.978695020838863037e-12
8.750000000000000000e+02 3.975053173712238443e-12
8.760000000000000000e+02 3.971417576922601467e-12
8.770000000000000000e+02 3.967788216142783236e-12
8.780000000000000000e+02 3.964165077078793378e-12
8.790000000000000000e+02 3.960548145469802259e-12
8.800000000000000000e+02 3.956937407088144206e-12
8.810000000000000000e+02 3.953424901216222408e-12
8.820000000000000000e+02 3.949918142976318479e-12
8.830000000000000000e+02 3.946417120365344607e-12
8.840000000000000000e+02 3.942921821400515253e-12
8.850000000000000000e+02 3.939432234119424702e-12
8.860000000000000000e+02 3.935948346580124612e-12
8.870000000000000000e+02 3.932470146861197522e-12
8.880000000000000000e+02 3.928997623061823900e-12
8.890000000000000000e+02 3.925543230888784100e-12
8.900000000000000000e+02 3.922094434893127818e-12
8.910000000000000000e+02 3.918651223518938333e-12
8.920000000000000000e+02 3.915213585229481596e-12
8.930000000000000000e+02 3.911781508507280552e-12
8.940000000000000000e+02 3.908354981854187835e-12
8.950000000000000000e+02 3.904933993791462515e-12
8.960000000000000000e+02 3.901518532859830676e-12
8.970000000000000000e+02 3.898118034509132638e-12
8.980000000000000000e+02 3.894722998373418698e-12
8.990000000000000000e+02 3.891333413262639614e-12
9.000000000000000000e+02 3.887949268005233304e-12
9.010000000000000000e+02 3.884570551448198363e-12
9.020000000000000000e+02 3.881197252457165142e-12
9.030000000000000000e+02 3.877829359916457950e-12
9.040000000000000000e+02 3.874466862729167759e-12
9.050000000000000000e+02 3.870982337900873078e-12
9.060000000000000000e+02 3.867503748503288952e-12
9.070000000000000000e+02 3.864031080708332068e-12
9.080000000000000000e+02 3.860564320723297240e-12
9.090000000000000000e+02 3.857103454790797631e-12
9.100000000000000000e+02 3.853648469188719520e-12
9.110000000000000000e+02 3.850199350230156059e-12
9.120000000000000000e+02 3.846756084263360425e-12
9.130000000000000000e+02 3.843202026634446670e-12
9.140000000000000000e+02 3.839654304940116247e-12
9.150000000000000000e+02 3.836112903126228915e-12
9.160000000000000000e+02 3.832577805188165412e-12
9.170000000000000000e+02 3.829048995170665084e-12
9.180000000000000000e+02 3.825526457167672406e-12
9.190000000000000000e+02 3.822010175322177850e-12
9.200000000000000000e+02 3.818500133826061168e-12
9.210000000000000000e+02 3.814880028247547044e-12
9.220000000000000000e+02 3.811266635780789767e-12
9.230000000000000000e+02 3.807659938306391559e-12
9.240000000000000000e+02 3.804059917767395465e-12
9.250000000000000000e+02 3.800466556169028482e-12
9.260000000000000000e+02 3.796879835578458408e-12
9.270000000000000000e+02 3.793299738124541004e-12
9.280000000000000000e+02 3.789726245997572005e-12
9.290000000000000000e+02 3.785945607111162192e-12
9.300000000000000000e+02 3.782172456908863729e-12
9.310000000000000000e+02 3.778406773325204838e-12
9.320000000000000000e+02 3.774648534380559577e-12
9.330000000000000000e+02 3.770897718180735870e-12
9.340000000000000000e+02 3.767154302916563529e-12
9.350000000000000000e+02 3.763418266863488742e-12
9.360000000000000000e+02 3.759689588381164519e-12
9.370000000000000000e+02 3.755705881225954614e-12
9.380000000000000000e+02 3.751730606841388453e-12
9.390000000000000000e+02 3.747763738481265129e-12
9.400000000000000000e+02 3.743805249512364168e-12
9.410000000000000000e+02 3.739855113413850992e-12
9.420000000000000000e+02 3.735913303776686420e-12
9.430000000000000000e+02 3.731979794303035367e-12
9.440000000000000000e+02 3.728054558805687652e-12
9.450000000000000000e+02 3.723894423907397332e-12
9.460000000000000000e+02 3.719743538504107279e-12
9.470000000000000000e+02 3.715601871856749531e-12
9.480000000000000000e+02 3.711469393362017144e-12
9.490000000000000000e+02 3.707346072551614561e-12
9.500000000000000000e+02 3.703231879091517669e-12
9.510000000000000000e+02 3.699126782781236290e-12
9.520000000000000000e+02 3.695030753553080698e-12
9.530000000000000000e+02 3.690709923553736990e-12
9.540000000000000000e+02 3.686399080835256365e-12
9.550000000000000000e+02 3.682098191108911056e-12
9.560000000000000000e+02 3.677807220241623807e-12
9.570000000000000000e+02 3.673526134255093030e-12
9.580000000000000000e+02 3.669254899324921203e-12
9.590000000000000000e+02 3.664993481779749716e-12
9.600000000000000000e+02 3.660741848100396957e-12
9.610000000000000000e+02 3.656269058626122142e-12
9.620000000000000000e+02 3.651806946042747172e-12
9.630000000000000000e+02 3.647355472800700562e-12
9.640000000000000000e+02 3.642914601523994354e-12
9.650000000000000000e+02 3.638484295009230533e-12
9.660000000000000000e+02 3.634064516224617943e-12
9.670000000000000000e+02 3.629655228308994046e-12
9.680000000000000000e+02 3.625256394570851532e-12
9.690000000000000000e+02 3.620613505930630799e-12
9.700000000000000000e+02 3.615982047420453091e-12
9.710000000000000000e+02 3.611361977993826748e-12
9.720000000000000000e+02 3.606753256796739138e-12
9.730000000000000000e+02 3.602155843166549180e-12
9.740000000000000000e+02 3.597569696630880659e-12
9.750000000000000000e+02 3.592994776906530497e-12
9.760000000000000000e+02 3.588431043898380657e-12
9.770000000000000000e+02 3.583537340266385171e-12
9.780000000000000000e+02 3.578656138170341647e-12
9.790000000000000000e+02 3.573787391666581415e-12
9.800000000000000000e+02 3.568931055030090173e-12
9.810000000000000000e+02 3.564087082753236119e-12
9.820000000000000000e+02 3.559255429544506159e-12
9.830000000000000000e+02 3.554436050327246555e-12
9.840000000000000000e+02 3.549628900238421749e-12
9.850000000000000000e+02 3.544669551441158071e-12
9.860000000000000000e+02 3.539723009212896841e-12
9.870000000000000000e+02 3.534789226286697299e-12
9.880000000000000000e+02 3.529868155620717229e-12
9.890000000000000000e+02 3.524959750396907566e-12
9.900000000000000000e+02 3.520063964019709826e-12
9.910000000000000000e+02 3.515180750114768080e-12
9.920000000000000000e+02 3.510310062527646179e-12
9.930000000000000000e+02 3.505302650868607026e-12
9.940000000000000000e+02 3.500308273991507163e-12
9.950000000000000000e+02 3.495326883681327600e-12
9.960000000000000000e+02 3.490358431952448184e-12
9.970000000000000000e+02 3.485402871047317560e-12
9.980000000000000000e+02 3.480460153435133642e-12
9.990000000000000000e+02 3.475530231810529740e-12
1.000000000000000000e+03 3.470613059092274009e-12
1.001000000000000000e+03 3.465480739160123533e-12
1.002000000000000000e+03 3.460361983763103688e-12
1.003000000000000000e+03 3.455256742407870678e-12
1.004000000000000000e+03 3.450164964841736954e-12
1.005000000000000000e+03 3.445086601051278170e-12
1.006000000000000000e+03 3.440021601260948625e-12
1.007000000000000000e+03 3.434969915931709226e-12
1.008000000000000000e+03 3.429931495759659493e-12
1.009000000000000000e+03 3.424854285969312317e-12
1.010000000000000000e+03 3.419790449289582887e-12
1.011000000000000000e+03 3.414739936198046405e-12
1.012000000000000000e+03 3.409702697406872634e-12
1.013000000000000000e+03 3.404678683861473650e-12
1.014000000000000000e+03 3.399667846739166949e-12
1.015000000000000000e+03 3.394670137447843791e-12
1.016000000000000000e+03 3.389685507624644830e-12
1.017000000000000000e+03 3.384615555828854230e-12
1.018000000000000000e+03 3.379558973725161200e-12
1.019000000000000000e+03 3.374515711925657555e-12
1.020000000000000000e+03 3.369485721275396311e-12
1.021000000000000000e+03 3.364468952851055192e-12
1.022000000000000000e+03 3.359465357959615484e-12
1.023000000000000000e+03 3.354474888137046139e-12
1.024000000000000000e+03 3.349497495146998783e-12
1.025000000000000000e+03 3.344486051543990533e-12
1.026000000000000000e+03 3.339487772434775867e-12
1.027000000000000000e+03 3.334502609454841882e-12
1.028000000000000000e+03 3.329530514466382137e-12
1.029000000000000000e+03 3.324571439557012655e-12
1.030000000000000000e+03 3.319625337038488347e-12
1.031000000000000000e+03 3.314692159445433561e-12
1.032000000000000000e+03 3.309771859534079095e-12
1.033000000000000000e+03 3.304958139577586308e-12
1.034000000000000000e+03 3.300156840983907568e-12
1.035000000000000000e+03 3.295367918741883828e-12
1.036000000000000000e+03 3.290591328048886738e-12
1.037000000000000000e+03 3.285827024309648151e-12
1.038000000000000000e+03 3.281074963135091655e-12
1.039000000000000000e+03 3.276335100341178632e-12
1.040000000000000000e+03 3.271607391947756351e-12
1.041000000000000000e+03 3.266916310295728730e-12
1.042000000000000000e+03 3.262237201624365872e-12
1.043000000000000000e+03 3.257570022964005425e-12
1.044000000000000000e+03 3.252914731542276903e-12
1.045000000000000000e+03 3.248271284782999452e-12
1.046000000000000000e+03 3.243639640305093345e-12
1.047000000000000000e+03 3.239019755921489063e-12
1.048000000000000000e+03 3.234411589638052923e-12
1.049000000000000000e+03 3.229928196394769976e-12
1.050000000000000000e+03 3.225456007198340951e-12
1.051000000000000000e+03 3.220994982469995921e-12
1.052000000000000000e+03 3.216545082810316938e-12
1.053000000000000000e+03 3.212106268998248493e-12
1.054000000000000000e+03 3.207678501990112404e-12
1.055000000000000000e+03 3.203261742918638471e-12
1.056000000000000000e+03 3.198855953091987445e-12
1.057000000000000000e+03 3.194670551966766170e-12
1.058000000000000000e+03 3.190495251697792924e-12
1.059000000000000000e+03 3.186330017475622875e-12
1.060000000000000000e+03 3.182174814645523051e-12
1.061000000000000000e+03 3.178029608706634245e-12
1.062000000000000000e+03 3.173894365311134551e-12
1.063000000000000000e+03 3.169769050263416221e-12
1.064000000000000000e+03 3.165653629519257271e-12
1.065000000000000000e+03 3.161735066113293132e-12
1.066000000000000000e+03 3.157825628025430846e-12
1.067000000000000000e+03 3.153925284617228085e-12
1.068000000000000000e+03 3.150034005383632260e-12
1.069000000000000000e+03 3.146151759952270876e-12
1.070000000000000000e+03 3.142278518082744307e-12
1.071000000000000000e+03 3.138414249665923826e-12
1.072000000000000000e+03 3.134558924723253670e-12
1.073000000000000000e+03 3.130939252240683198e-12
1.074000000000000000e+03 3.127327619592309983e-12
1.075000000000000000e+03 3.123724000718835935e-12
1.076000000000000000e+03 3.120128369671293028e-12
1.077000000000000000e+03 3.116540700610466125e-12
1.078000000000000000e+03 3.112960967806322680e-12
1.079000000000000000e+03 3.109389145637448496e-12
1.080000000000000000e+03 3.105825208590479032e-12
1.081000000000000000e+03 3.102566498067489374e-12
1.082000000000000000e+03 3.099314523146832938e-12
1.083000000000000000e+03 3.096069263199554209e-12
1.084000000000000000e+03 3.092830697680085800e-12
1.085000000000000000e+03 3.089598806125830415e-12
1.086000000000000000e+03 3.086373568156742414e-12
1.087000000000000000e+03 3.083154963474921089e-12
1.088000000000000000e+03 3.079942971864193439e-12
1.089000000000000000e+03 3.077024552718276598e-12
1.090000000000000000e+03 3.074111653801881491e-12
1.091000000000000000e+03 3.071204259481432270e-12
1.092000000000000000e+03 3.068302354182283243e-12
1.093000000000000000e+03 3.065405922388438569e-12
1.094000000000000000e+03 3.062514948642277610e-12
1.095000000000000000e+03 3.059629417544282301e-12
1.096000000000000000e+03 3.056749313752760880e-12
1.097000000000000000e+03 3.054185386648481878e-12
1.098000000000000000e+03 3.051625724743521856e-12
1.099000000000000000e+03 3.049070317499418867e-12
1.100000000000000000e+03 3.046519154412017953e-12
1.101000000000000000e+03 3.043972225011337055e-12
1.102000000000000000e+03 3.041429518861428480e-12
1.103000000000000000e+03 3.038891025560242376e-12
1.104000000000000000e+03 3.036356734739490626e-12
1.105000000000000000e+03 3.034208684716774228e-12
1.106000000000000000e+03 3.032063435432206667e-12
1.107000000000000000e+03 3.029920982229699751e-12
1.108000000000000000e+03 3.027781320459388934e-12
1.109000000000000000e+03 3.025644445477657950e-12
1.110000000000000000e+03 3.023510352647154976e-12
1.111000000000000000e+03 3.021379037336812417e-12
1.112000000000000000e+03 3.019250494921865892e-12
1.113000000000000000e+03 3.017471483470332410e-12
1.114000000000000000e+03 3.015693991134102433e-12
1.115000000000000000e+03 3.013918018328020367e-12
1.116000000000000000e+03 3.012143565449321121e-12
1.117000000000000000e+03 3.010370632877781572e-12
1.118000000000000000e+03 3.008599220975869597e-12
1.119000000000000000e+03 3.006829330088893925e-12
1.120000000000000000e+03 3.005060960545149939e-12
1.121000000000000000e+03 3.003673506091096573e-12
1.122000000000000000e+03 3.002286221627892781e-12
1.123000000000000000e+03 3.000899112848720604e-12
1.124000000000000000e+03 2.999512185404645748e-12
1.125000000000000000e+03 2.998125444904901922e-12
1.126000000000000000e+03 2.996738896917168724e-12
1.127000000000000000e+03 2.995352546967858002e-12
1.128000000000000000e+03 2.993966400542386888e-12
1.129000000000000000e+03 2.992962102173151500e-12
1.130000000000000000e+03 2.991956667839651791e-12
1.131000000000000000e+03 2.990950108276295388e-12
1.132000000000000000e+03 2.989942434152301383e-12
1.133000000000000000e+03 2.988933656072103418e-12
1.134000000000000000e+03 2.987923784575759641e-12
1.135000000000000000e+03 2.986912830139353781e-12
1.136000000000000000e+03 2.985900803175393787e-12
1.137000000000000000e+03 2.985266004527893751e-12
1.138000000000000000e+03 2.984628824905106576e-12
1.139000000000000000e+03 2.983989279779866074e-12
1.140000000000000000e+03 2.983347384538461078e-12
1.141000000000000000e+03 2.982703154481148383e-12
1.142000000000000000e+03 2.982056604822674991e-12
1.143000000000000000e+03 2.981407750692791460e-12
1.144000000000000000e+03 2.980756607136760006e-12
1.145000000000000000e+03 2.980491330560447334e-12
1.146000000000000000e+03 2.980222440218718300e-12
1.147000000000000000e+03 2.979949956216901683e-12
1.148000000000000000e+03 2.979673898553185776e-12
1.149000000000000000e+03 2.979394287119244827e-12
1.150000000000000000e+03 2.979111141700862253e-12
1.151000000000000000e+03 2.978824481978550619e-12
1.152000000000000000e+03 2.978534327528167990e-12
1.153000000000000000e+03 2.978600910599968528e-12
1.154000000000000000e+03 2.978662789753705829e-12
1.155000000000000000e+03 2.978719989115270122e-12
1.156000000000000000e+03 2.978772532685904649e-12
1.157000000000000000e+03 2.978820444342918537e-12
1.158000000000000000e+03 2.978863747840401295e-12
1.159000000000000000e+03 2.978902466809928825e-12
1.160000000000000000e+03 2.978936624761266605e-12
1.161000000000000000e+03 2.979324732825593251e-12
1.162000000000000000e+03 2.979707093022633361e-12
1.163000000000000000e+03 2.980083733271647485e-12
1.164000000000000000e+03 2.980454681351000413e-12
1.165000000000000000e+03 2.980819964898960085e-12
1.166000000000000000e+03 2.981179611414490038e-12
1.167000000000000000e+03 2.981533648258032963e-12
1.168000000000000000e+03 2.981882102652299516e-12
1.169000000000000000e+03 2.982556939358073045e-12
1.170000000000000000e+03 2.983225113305196519e-12
1.171000000000000000e+03 2.983886655665094863e-12
1.172000000000000000e+03 2.984541597454714605e-12
1.173000000000000000e+03 2.985189969537391840e-12
1.174000000000000000e+03 2.985831802623705670e-12
1.175000000000000000e+03 2.986467127272334464e-12
1.176000000000000000e+03 2.987095973890902021e-12
1.177000000000000000e+03 2.988020493646185306e-12
1.178000000000000000e+03 2.988937570294828451e-12
1.179000000000000000e+03 2.989847237708557606e-12
1.180000000000000000e+03 2.990749529593703994e-12
1.181000000000000000e+03 2.991644479492117531e-12
1.182000000000000000e+03 2.992532120782076393e-12
1.183000000000000000e+03 2.993412486679188120e-12
1.184000000000000000e+03 2.994285610237287066e-12
1.185000000000000000e+03 2.995441899295352275e-12
1.186000000000000000e+03 2.996590032711048627e-12
1.187000000000000000e+03 2.997730046767844687e-12
1.188000000000000000e+03 2.998861977574323731e-12
1.189000000000000000e+03 2.999985861065139772e-12
1.190000000000000000e+03 3.001101733001965907e-12
1.191000000000000000e+03 3.002209628974443479e-12
1.192000000000000000e+03 3.003309584401118708e-12
1.193000000000000000e+03 3.004657099388164010e-12
1.194000000000000000e+03 3.005995888686662446e-12
1.195000000000000000e+03 3.007325990427543625e-12
1.196000000000000000e+03 3.008647442559986838e-12
1.197000000000000000e+03 3.009960282852411002e-12
1.198000000000000000e+03 3.011264548893449673e-12
1.199000000000000000e+03 3.012560278092925646e-12
1.200000000000000000e+03 3.013847507682820306e-12
1.201000000000000000e+03 3.015331811281998432e-12
1.202000000000000000e+03 3.016807005508477045e-12
1.203000000000000000e+03 3.018273129622862844e-12
1.204000000000000000e+03 3.019730222700410257e-12
1.205000000000000000e+03 3.021178323632019062e-12
1.206000000000000000e+03 3.022617471125223938e-12
1.207000000000000000e+03 3.024047703705181988e-12
1.208000000000000000e+03 3.025469059715647753e-12
1.209000000000000000e+03 3.027046161357824645e-12
1.210000000000000000e+03 3.028613918723064524e-12
1.211000000000000000e+03 3.030172371636826568e-12
1.212000000000000000e+03 3.031721559738140086e-12
1.213000000000000000e+03 3.033261522480597700e-12
1.214000000000000000e+03 3.034792299133344486e-12
1.215000000000000000e+03 3.036313928782061468e-12
1.216000000000000000e+03 3.037826450329941830e-12
1.217000000000000000e+03 3.039435301824645255e-12
1.218000000000000000e+03 3.041034776484406657e-12
1.219000000000000000e+03 3.042624913947502077e-12
1.220000000000000000e+03 3.044205753667989024e-12
1.221000000000000000e+03 3.045777334916685514e-12
1.222000000000000000e+03 3.047339696782137814e-12
1.223000000000000000e+03 3.048892878171586558e-12
1.224000000000000000e+03 3.050436917811926409e-12
1.225000000000000000e+03 3.052072198065638539e-12
1.226000000000000000e+03 3.053698086234292807e-12
1.227000000000000000e+03 3.055314621709142791e-12
1.228000000000000000e+03 3.056921843699662665e-12
1.229000000000000000e+03 3.058519791234507265e-12
1.230000000000000000e+03 3.060108503162462051e-12
1.231000000000000000e+03 3.061688018153387825e-12
1.232000000000000000e+03 3.063258374699164232e-12
1.233000000000000000e+03 3.064853935768094291e-12
1.234000000000000000e+03 3.066440303627433544e-12
1.235000000000000000e+03 3.068017516645774568e-12
1.236000000000000000e+03 3.069585613015683641e-12
1.237000000000000000e+03 3.071144630754618803e-12
1.238000000000000000e+03 3.072694607705846703e-12
1.239000000000000000e+03 3.074235581539354189e-12
1.240000000000000000e+03 3.075767589752751829e-12
1.241000000000000000e+03 3.077272533799730843e-12
1.242000000000000000e+03 3.078768645093374072e-12
1.243000000000000000e+03 3.080255960408250603e-12
1.244000000000000000e+03 3.081734516351023974e-12
1.245000000000000000e+03 3.083204349361326615e-12
1.246000000000000000e+03 3.084665495712625394e-12
1.247000000000000000e+03 3.086117991513087573e-12
1.248000000000000000e+03 3.087561872706437072e-12
1.249000000000000000e+03 3.088950960558582697e-12
1.250000000000000000e+03 3.090331653028437029e-12
1.251000000000000000e+03 3.091703985039954885e-12
1.252000000000000000e+03 3.093067991358298256e-12
1.253000000000000000e+03 3.094423706590650561e-12
1.254000000000000000e+03 3.095771165187039785e-12
1.255000000000000000e+03 3.097110401441149107e-12
1.256000000000000000e+03 3.098441449491123477e-12
1.257000000000000000e+03 3.099662065330532207e-12
1.258000000000000000e+03 3.100874885857668323e-12
1.259000000000000000e+03 3.102079943587405103e-12
1.260000000000000000e+03 3.103277270887176127e-12
1.261000000000000000e+03 3.104466899977733803e-12
1.262000000000000000e+03 3.105648862933905455e-12
1.263000000000000000e+03 3.106823191685344983e-12
1.264000000000000000e+03 3.107989918017278043e-12
1.265000000000000000e+03 3.109037235840727661e-12
1.266000000000000000e+03 3.110077367603006147e-12
1.267000000000000000e+03 3.111110343406463627e-12
1.268000000000000000e+03 3.112136193217238866e-12
1.269000000000000000e+03 3.113154946865956797e-12
1.270000000000000000e+03 3.114166634048424836e-12
1.271000000000000000e+03 3.115171284326322741e-12
1.272000000000000000e+03 3.116168927127891656e-12
1.273000000000000000e+03 3.117015499327688568e-12
1.274000000000000000e+03 3.117855574741973847e-12
1.275000000000000000e+03 3.118689180807264547e-12
1.276000000000000000e+03 3.119516344836008707e-12
1.277000000000000000e+03 3.120337094017227148e-12
1.278000000000000000e+03 3.121151455417137485e-12
1.279000000000000000e+03 3.121959455979785425e-12
1.280000000000000000e+03 3.122761122527669187e-12
1.281000000000000000e+03 3.123385839517461710e-12
1.282000000000000000e+03 3.124004807992760665e-12
1.283000000000000000e+03 3.124618052549147852e-12
1.284000000000000000e+03 3.125225597670863249e-12
1.285000000000000000e+03 3.125827467731372487e-12
1.286000000000000000e+03 3.126423686993931092e-12
1.287000000000000000e+03 3.127014279612149539e-12
1.288000000000000000e+03 3.127599269630546186e-12
1.289000000000000000e+03 3.127999153105289247e-12
1.290000000000000000e+03 3.128394038204031342e-12
1.291000000000000000e+03 3.128783946708461521e-12
1.292000000000000000e+03 3.129168900301378748e-12
1.293000000000000000e+03 3.129548920567202826e-12
1.294000000000000000e+03 3.129924028992469174e-12
1.295000000000000000e+03 3.130294246966330061e-12
1.296000000000000000e+03 3.130659595781050995e-12
1.297000000000000000e+03 3.130836909063887142e-12
1.298000000000000000e+03 3.131009959788508801e-12
1.299000000000000000e+03 3.131178767005344709e-12
1.300000000000000000e+03 3.131343349677900170e-12
1.301000000000000000e+03 3.131503726683203762e-12
1.302000000000000000e+03 3.131659916812244355e-12
1.303000000000000000e+03 3.131811938770409742e-12
1.304000000000000000e+03 3.131959811177921638e-12
1.305000000000000000e+03 3.131925298184634690e-12
1.306000000000000000e+03 3.131887218373590924e-12
1.307000000000000000e+03 3.131845588233816747e-12
1.308000000000000000e+03 3.131800424178543702e-12
1.309000000000000000e+03 3.131751742545595802e-12
1.310000000000000000e+03 3.131699559597774443e-12
1.311000000000000000e+03 3.131643891523238474e-12
1.312000000000000000e+03 3.131584754435884258e-12
1.313000000000000000e+03 3.131354885781231349e-12
1.314000000000000000e+03 3.131122089145975201e-12
1.315000000000000000e+03 3.130886378682232997e-12
1.316000000000000000e+03 3.130647768476411546e-12
1.317000000000000000e+03 3.130406272549543328e-12
1.318000000000000000e+03 3.130161904857618500e-12
1.319000000000000000e+03 3.129914679291918103e-12
1.320000000000000000e+03 3.129664609679342840e-12
1.321000000000000000e+03 3.129267779676378737e-12
1.322000000000000000e+03 3.128868568415804449e-12
1.323000000000000000e+03 3.128466988053198618e-12
1.324000000000000000e+03 3.128063050687018377e-12
1.325000000000000000e+03 3.127656768358896219e-12
1.326000000000000000e+03 3.127248153053927568e-12
1.327000000000000000e+03 3.126837216700961181e-12
1.328000000000000000e+03 3.126423971172888340e-12
1.329000000000000000e+03 3.125889636370286474e-12
1.330000000000000000e+03 3.125353373106233133e-12
1.331000000000000000e+03 3.124815191880459795e-12
1.332000000000000000e+03 3.124275103142705212e-12
1.333000000000000000e+03 3.123733117292969053e-12
1.334000000000000000e+03 3.123189244681769191e-12
1.335000000000000000e+03 3.122643495610394132e-12
1.336000000000000000e+03 3.122095880331155861e-12
1.337000000000000000e+03 3.121452090116171729e-12
1.338000000000000000e+03 3.120806735916552188e-12
1.339000000000000000e+03 3.120159826892265927e-12
1.340000000000000000e+03 3.119511372159069077e-12
1.341000000000000000e+03 3.118861380788732193e-12
1.342000000000000000e+03 3.118209861809263617e-12
1.343000000000000000e+03 3.117556824205139290e-12
1.344000000000000000e+03 3.116902276917523686e-12
1.345000000000000000e+03 3.116185229897137774e-12
1.346000000000000000e+03 3.115466872153939766e-12
1.347000000000000000e+03 3.114747211895346964e-12
1.348000000000000000e+03 3.114026257288742020e-12
1.349000000000000000e+03 3.113304016461678920e-12
1.350000000000000000e+03 3.112580497502088970e-12
1.351000000000000000e+03 3.111855708458484767e-12
1.352000000000000000e+03 3.111129657340162146e-12
1.353000000000000000e+03 3.110392123530503193e-12
1.354000000000000000e+03 3.109653373754110206e-12
1.355000000000000000e+03 3.108913415803559315e-12
1.356000000000000000e+03 3.108172257433405017e-12
1.357000000000000000e+03 3.107429906360376473e-12
1.358000000000000000e+03 3.106686370263571376e-12
1.359000000000000000e+03 3.105941656784648207e-12
1.360000000000000000e+03 3.105195773528020509e-12
1.361000000000000000e+03 3.104471482228424857e-12
1.362000000000000000e+03 3.103745969447759434e-12
1.363000000000000000e+03 3.103019242900306592e-12
1.364000000000000000e+03 3.102291310262999946e-12
1.365000000000000000e+03 3.101562179175612990e-12
1.366000000000000000e+03 3.100831857240948931e-12
1.367000000000000000e+03 3.100100352025030923e-12
1.368000000000000000e+03 3.099367671057287858e-12
1.369000000000000000e+03 3.098689206375717461e-12
1.370000000000000000e+03 3.098009419244460854e-12
1.371000000000000000e+03 3.097328317614659197e-12
1.372000000000000000e+03 3.096645909399539455e-12
1.373000000000000000e+03 3.095962202474605037e-12
1.374000000000000000e+03 3.095277204677826840e-12
1.375000000000000000e+03 3.094590923809832272e-12
1.376000000000000000e+03 3.093903367634094277e-12
1.377000000000000000e+03 3.093304044881798626e-12
1.378000000000000000e+03 3.092703202532533977e-12
1.379000000000000000e+03 3.092100849086602982e-12
1.380000000000000000e+03 3.091496993004623416e-12
1.381000000000000000e+03 3.090891642707728103e-12
1.382000000000000000e+03 3.090284806577760405e-12
1.383000000000000000e+03 3.089676492957470110e-12
1.384000000000000000e+03 3.089066710150710533e-12
1.385000000000000000e+03 3.088582651706890897e-12
1.386000000000000000e+03 3.088096773643704801e-12
1.387000000000000000e+03 3.087609085339495002e-12
1.388000000000000000e+03 3.087119596129902267e-12
1.389000000000000000e+03 3.086628315308078635e-12
1.390000000000000000e+03 3.086135252124895020e-12
1.391000000000000000e+03 3.085640415789147595e-12
1.392000000000000000e+03 3.085143815467765810e-12
1.393000000000000000e+03 3.084814877914753093e-12
1.394000000000000000e+03 3.084483708625754120e-12
1.395000000000000000e+03 3.084150318210376047e-12
1.396000000000000000e+03 3.083814717231189828e-12
1.397000000000000000e+03 3.083476916203957605e-12
1.398000000000000000e+03 3.083136925597860105e-12
1.399000000000000000e+03 3.082794755835722416e-12
1.400000000000000000e+03 3.082450417294236537e-12
1.401000000000000000e+03 3.082284672751559862e-12
1.402000000000000000e+03 3.082116264530477645e-12
1.403000000000000000e+03 3.081945204523498840e-12
1.404000000000000000e+03 3.081771504571607689e-12
1.405000000000000000e+03 3.081595176464511721e-12
1.406000000000000000e+03 3.081416231940883276e-12
1.407000000000000000e+03 3.081234682688607101e-12
1.408000000000000000e+03 3.081050540345019853e-12
1.409000000000000000e+03 3.081077562478362281e-12
1.410000000000000000e+03 3.081101408487833418e-12
1.411000000000000000e+03 3.081122091793053339e-12
1.412000000000000000e+03 3.081139625756754061e-12
1.413000000000000000e+03 3.081154023685046120e-12
1.414000000000000000e+03 3.081165298827688374e-12
1.415000000000000000e+03 3.081173464378349321e-12
1.416000000000000000e+03 3.081178533474874079e-12
1.417000000000000000e+03 3.081408648126469357e-12
1.418000000000000000e+03 3.081635049137037115e-12
1.419000000000000000e+03 3.081857751517849232e-12
1.420000000000000000e+03 3.082076770217736357e-12
1.421000000000000000e+03 3.082292120123380328e-12
1.422000000000000000e+03 3.082503816059603363e-12
1.423000000000000000e+03 3.082711872789652406e-12
1.424000000000000000e+03 3.082916305015489928e-12
1.425000000000000000e+03 3.083352525543047735e-12
1.426000000000000000e+03 3.083784490715707220e-12
1.427000000000000000e+03 3.084212217134056337e-12
1.428000000000000000e+03 3.084635721330756481e-12
1.429000000000000000e+03 3.085055019770856729e-12
1.430000000000000000e+03 3.085470128852101605e-12
1.431000000000000000e+03 3.085881064905242485e-12
1.432000000000000000e+03 3.086287844194345770e-12
1.433000000000000000e+03 3.086940368866273182e-12
1.434000000000000000e+03 3.087588072314562052e-12
1.435000000000000000e+03 3.088230972789341452e-12
1.436000000000000000e+03 3.088869088467161365e-12
1.437000000000000000e+03 3.089502437451326708e-12
1.438000000000000000e+03 3.090131037772228930e-12
1.439000000000000000e+03 3.090754907387680442e-12
1.440000000000000000e+03 3.091374064183243385e-12
1.441000000000000000e+03 3.092222686995565897e-12
1.442000000000000000e+03 3.093065983223767819e-12
1.443000000000000000e+03 3.093903972562826877e-12
1.444000000000000000e+03 3.094736674629299794e-12
1.445000000000000000e+03 3.095564108961677314e-12
1.446000000000000000e+03 3.096386295020733575e-12
1.447000000000000000e+03 3.097203252189879517e-12
1.448000000000000000e+03 3.098014999775507405e-12
1.449000000000000000e+03 3.099055493839706231e-12
1.450000000000000000e+03 3.100090171583056709e-12
1.451000000000000000e+03 3.101119054083004574e-12
1.452000000000000000e+03 3.102142162334011734e-12
1.453000000000000000e+03 3.103159517247928261e-12
1.454000000000000000e+03 3.104171139654359937e-12
1.455000000000000000e+03 3.105177050301036608e-12
1.456000000000000000e+03 3.106177269854178516e-12
1.457000000000000000e+03 3.107393341901735464e-12
1.458000000000000000e+03 3.108603156408673584e-12
1.459000000000000000e+03 3.109806735672041705e-12
1.460000000000000000e+03 3.111004101901983392e-12
1.461000000000000000e+03 3.112195277222120252e-12
1.462000000000000000e+03 3.113380283669938055e-12
1.463000000000000000e+03 3.114559143197167206e-12
1.464000000000000000e+03 3.115731877670161600e-12
1.465000000000000000e+03 3.117077253717604441e-12
1.466000000000000000e+03 3.118416060647614345e-12
1.467000000000000000e+03 3.119748321567696597e-12
1.468000000000000000e+03 3.121074059496052883e-12
1.469000000000000000e+03 3.122393297361972669e-12
1.470000000000000000e+03 3.123706058006228205e-12
1.471000000000000000e+03 3.125012364181461064e-12
1.472000000000000000e+03 3.126312238552571894e-12
1.473000000000000000e+03 3.127770389199142808e-12
1.474000000000000000e+03 3.129221706353565037e-12
1.475000000000000000e+03 3.130666213782343068e-12
1.476000000000000000e+03 3.132103935160848544e-12
1.477000000000000000e+03 3.133534894073721733e-12
1.478000000000000000e+03 3.134959114015265328e-12
1.479000000000000000e+03 3.136376618389841883e-12
1.480000000000000000e+03 3.137787430512265191e-12
1.481000000000000000e+03 3.139324080600313575e-12
1.482000000000000000e+03 3.140853727275713230e-12
1.483000000000000000e+03 3.142376394671469836e-12
1.484000000000000000e+03 3.143892106828698515e-12
1.485000000000000000e+03 3.145400887697020057e-12
1.486000000000000000e+03 3.146902761134962794e-12
1.487000000000000000e+03 3.148397750910355186e-12
1.488000000000000000e+03 3.149885880700721242e-12
1.489000000000000000e+03 3.151454724831522704e-12
1.490000000000000000e+03 3.153016521106329431e-12
1.491000000000000000e+03 3.154571293642981990e-12
1.492000000000000000e+03 3.156119066468037854e-12
1.493000000000000000e+03 3.157659863517167216e-12
1.494000000000000000e+03 3.159193708635546387e-12
1.495000000000000000e+03 3.160720625578247558e-12
1.496000000000000000e+03 3.162240638010628556e-12
1.497000000000000000e+03 3.163798770842393148e-12
1.498000000000000000e+03 3.165349926103289295e-12
1.499000000000000000e+03 3.166894127552337681e-12
1.500000000000000000e+03 3.168431398859100296e-12
1.501000000000000000e+03 3.169961763604064947e-12
1.502000000000000000e+03 3.171485245279027338e-12
1.503000000000000000e+03 3.173001867287474781e-12
1.504000000000000000e+03 3.174511652944964640e-12
1.505000000000000000e+03 3.175990568089411266e-12
1.506000000000000000e+03 3.177462757127965230e-12
1.507000000000000000e+03 3.178928242923971768e-12
1.508000000000000000e+03 3.180387048255021154e-12
1.509000000000000000e+03 3.181839195813310192e-12
1.510000000000000000e+03 3.183284708206012581e-12
1.511000000000000000e+03 3.184723607955641623e-12
1.512000000000000000e+03 3.186155917500408474e-12
1.513000000000000000e+03 3.187519755327194596e-12
1.514000000000000000e+03 3.188877211070581864e-12
1.515000000000000000e+03 3.190228306432566859e-12
1.516000000000000000e+03 3.191573063033984719e-12
1.517000000000000000e+03 3.192911502414854471e-12
1.518000000000000000e+03 3.194243646034725168e-12
1.519000000000000000e+03 3.195569515273018400e-12
1.520000000000000000e+03 3.196889131429367962e-12
1.521000000000000000e+03 3.198101339587823090e-12
1.522000000000000000e+03 3.199307602841363237e-12
1.523000000000000000e+03 3.200507941467148607e-12
1.524000000000000000e+03 3.201702375666645108e-12
1.525000000000000000e+03 3.202890925565951104e-12
1.526000000000000000e+03 3.204073611216114072e-12
1.527000000000000000e+03 3.205250452593451697e-12
1.528000000000000000e+03 3.206421469599867720e-12
1.529000000000000000e+03 3.207417247440509826e-12
1.530000000000000000e+03 3.208407683313631989e-12
1.531000000000000000e+03 3.209392795598643774e-12
1.532000000000000000e+03 3.210372602606324202e-12
1.533000000000000000e+03 3.211347122579109726e-12
1.534000000000000000e+03 3.212316373691387059e-12
1.535000000000000000e+03 3.213280374049779130e-12
1.536000000000000000e+03 3.214239141693434677e-12
1.537000000000000000e+03 3.214977907292584727e-12
1.538000000000000000e+03 3.215712034486970589e-12
1.539000000000000000e+03 3.216441539482707150e-12
1.540000000000000000e+03 3.217166438425216536e-12
1.541000000000000000e+03 3.217886747399489028e-12
1.542000000000000000e+03 3.218602482430336708e-12
1.543000000000000000e+03 3.219313659482651149e-12
1.544000000000000000e+03 3.220020294461652212e-12
1.545000000000000000e+03 3.220480108476182425e-12
1.546000000000000000e+03 3.220936038741627928e-12
1.547000000000000000e+03 3.221388099163345567e-12
1.548000000000000000e+03 3.221836303594300313e-12
1.549000000000000000e+03 3.222280665835291040e-12
1.550000000000000000e+03 3.222721199635167417e-12
1.551000000000000000e+03 3.223157918691052861e-12
1.552000000000000000e+03 3.223590836648563445e-12
1.553000000000000000e+03 3.223740841602720350e-12
1.554000000000000000e+03 3.223887790834666602e-12
1.555000000000000000e+03 3.224031695758961916e-12
1.556000000000000000e+03 3.224172567746643298e-12
1.557000000000000000e+03 3.224310418125411651e-12
1.558000000000000000e+03 3.224445258179813526e-12
1.559000000000000000e+03 3.224577099151426914e-12
1.560000000000000000e+03 3.224705952239042192e-12
1.561000000000000000e+03 3.224528146937555568e-12
1.562000000000000000e+03 3.224348153446992708e-12
1.563000000000000000e+03 3.224165980601317013e-12
1.564000000000000000e+03 3.223981637200058067e-12
1.565000000000000000e+03 3.223795132008455830e-12
1.566000000000000000e+03 3.223606473757604829e-12
1.567000000000000000e+03 3.223415671144607634e-12
1.568000000000000000e+03 3.223222732832712999e-12
1.569000000000000000e+03 3.222704599519709190e-12
1.570000000000000000e+03 3.222185170574215033e-12
1.571000000000000000e+03 3.221664452202587264e-12
1.572000000000000000e+03 3.221142450585900697e-12
1.573000000000000000e+03 3.220619171880057686e-12
1.574000000000000000e+03 3.220094622215897980e-12
1.575000000000000000e+03 3.219568807699308584e-12
1.576000000000000000e+03 3.219041734411332005e-12
1.577000000000000000e+03 3.218206357531924359e-12
1.578000000000000000e+03 3.217370512051714501e-12
1.579000000000000000e+03 3.216534201761101278e-12
1.580000000000000000e+03 3.215697430433552189e-12
1.581000000000000000e+03 3.214860201825676883e-12
1.582000000000000000e+03 3.214022519677303102e-12
1.583000000000000000e+03 3.213184387711558262e-12
1.584000000000000000e+03 3.212345809634938118e-12
1.585000000000000000e+03 3.211183819325346968e-12
1.586000000000000000e+03 3.210022204563354042e-12
1.587000000000000000e+03 3.208860966697781535e-12
1.588000000000000000e+03 3.207700107068872066e-12
1.589000000000000000e+03 3.206539627008332703e-12
1.590000000000000000e+03 3.205379527839376564e-12
1.591000000000000000e+03 3.204219810876765631e-12
1.592000000000000000e+03 3.203060477426852756e-12
1.593000000000000000e+03 3.201597095690004046e-12
1.594000000000000000e+03 3.200134863761420542e-12
1.595000000000000000e+03 3.198673780768500208e-12
1.596000000000000000e+03 3.197213845837594509e-12
1.597000000000000000e+03 3.195755058094025379e-12
1.598000000000000000e+03 3.194297416662096528e-12
1.599000000000000000e+03 3.192840920665107174e-12
1.600000000000000000e+03 3.191385569225366584e-12
1.601000000000000000e+03 3.189687409044212706e-12
1.602000000000000000e+03 3.187991000591540566e-12
1.603000000000000000e+03 3.186296341277887106e-12
1.604000000000000000e+03 3.184603428518529400e-12
1.605000000000000000e+03 3.182912259733475366e-12
1.606000000000000000e+03 3.181222832347456090e-12
1.607000000000000000e+03 3.179535143789914518e-12
1.608000000000000000e+03 3.177849191494996168e-12
1.609000000000000000e+03 3.175931270034934916e-12
1.610000000000000000e+03 3.174015660167782196e-12
1.611000000000000000e+03 3.172102357720876299e-12
1.612000000000000000e+03 3.170191358531584678e-12
1.613000000000000000e+03 3.168282658447268805e-12
1.614000000000000000e+03 3.166376253325258732e-12
1.615000000000000000e+03 3.164472139032821986e-12
1.616000000000000000e+03 3.162570311447130046e-12
1.617000000000000000e+03 3.160471346575918301e-12
1.618000000000000000e+03 3.158375153046461914e-12
1.619000000000000000e+03 3.156281725396024979e-12
1.620000000000000000e+03 3.154191058176168732e-12
1.621000000000000000e+03 3.152103145952701056e-12
1.622000000000000000e+03 3.150017983305636503e-12
1.623000000000000000e+03 3.147935564829144995e-12
1.624000000000000000e+03 3.145855885131507797e-12
1.625000000000000000e+03 3.143647413248586701e-12
1.626000000000000000e+03 3.141441992859916231e-12
1.627000000000000000e+03 3.139239617721485164e-12
1.628000000000000000e+03 3.137040281606141735e-12
1.629000000000000000e+03 3.134843978303533055e-12
1.630000000000000000e+03 3.132650701620053006e-12
1.631000000000000000e+03 3.130460445378784891e-12
1.632000000000000000e+03 3.128273203419443269e-12
1.633000000000000000e+03 3.126014737074135507e-12
1.634000000000000000e+03 3.123759454404024384e-12
1.635000000000000000e+03 3.121507348798553461e-12
1.636000000000000000e+03 3.119258413665208365e-12
1.637000000000000000e+03 3.117012642429454594e-12
1.638000000000000000e+03 3.114770028534678951e-12
1.639000000000000000e+03 3.112530565442127340e-12
1.640000000000000000e+03 3.110294246630845804e-12
1.641000000000000000e+03 3.108027928598899720e-12
1.642000000000000000e+03 3.105764822558399358e-12
1.643000000000000000e+03 3.103504921820473093e-12
1.644000000000000000e+03 3.101248219714527652e-12
1.645000000000000000e+03 3.098994709588187524e-12
1.646000000000000000e+03 3.096744384807229937e-12
1.647000000000000000e+03 3.094497238755528714e-12
1.648000000000000000e+03 3.092253264834989244e-12
1.649000000000000000e+03 3.090031259932293481e-12
1.650000000000000000e+03 3.087812368448079784e-12
1.651000000000000000e+03 3.085596583962161190e-12
1.652000000000000000e+03 3.083383900071740514e-12
1.653000000000000000e+03 3.081174310391356223e-12
1.654000000000000000e+03 3.078967808552817412e-12
1.655000000000000000e+03 3.076764388205155333e-12
1.656000000000000000e+03 3.074564043014557968e-12
1.657000000000000000e+03 3.072427764212609186e-12
1.658000000000000000e+03 3.070294400836389411e-12
1.659000000000000000e+03 3.068163947002148809e-12
1.660000000000000000e+03 3.066036396841790162e-12
1.661000000000000000e+03 3.063911744502815959e-12
1.662000000000000000e+03 3.061789984148275886e-12
1.663000000000000000e+03 3.059671109956716747e-12
1.664000000000000000e+03 3.057555116122130759e-12
1.665000000000000000e+03 3.055566081917914048e-12
1.666000000000000000e+03 3.053579618670880237e-12
1.667000000000000000e+03 3.051595721424806645e-12
1.668000000000000000e+03 3.049614385236143661e-12
1.669000000000000000e+03 3.047635605173977585e-12
1.670000000000000000e+03 3.045659376319988621e-12
1.671000000000000000e+03 3.043685693768410491e-12
1.672000000000000000e+03 3.041714552625993677e-12
1.673000000000000000e+03 3.039917548107496016e-12
1.674000000000000000e+03 3.038122665335443778e-12
1.675000000000000000e+03 3.036329900554823511e-12
1.676000000000000000e+03 3.034539250019476391e-12
1.677000000000000000e+03 3.032750709992070358e-12
1.678000000000000000e+03 3.030964276744076683e-12
1.679000000000000000e+03 3.029179946555743314e-12
1.680000000000000000e+03 3.027397715716067818e-12
1.681000000000000000e+03 3.025821074531429587e-12
1.682000000000000000e+03 3.024246041510016006e-12
1.683000000000000000e+03 3.022672614260093706e-12
1.684000000000000000e+03 3.021100790394482447e-12
1.685000000000000000e+03 3.019530567530545425e-12
1.686000000000000000e+03 3.017961943290178767e-12
1.687000000000000000e+03 3.016394915299802651e-12
1.688000000000000000e+03 3.014829481190351606e-12
1.689000000000000000e+03 3.013516042958170257e-12
1.690000000000000000e+03 3.012203601384582899e-12
1.691000000000000000e+03 3.010892155690259784e-12
1.692000000000000000e+03 3.009581705095377601e-12
1.693000000000000000e+03 3.008272248819626343e-12
1.694000000000000000e+03 3.006963786082220213e-12
1.695000000000000000e+03 3.005656316101903280e-12
1.696000000000000000e+03 3.004349838096959167e-12
1.697000000000000000e+03 3.003310068280394756e-12
1.698000000000000000e+03 3.002270663105866449e-12
1.699000000000000000e+03 3.001231623447258655e-12
1.700000000000000000e+03 3.000192950172827483e-12
1.701000000000000000e+03 2.999154644145233454e-12
1.702000000000000000e+03 2.998116706221565736e-12
1.703000000000000000e+03 2.997079137253365978e-12
1.704000000000000000e+03 2.996041938086661424e-12
1.705000000000000000e+03 2.995299275278272722e-12
1.706000000000000000e+03 2.994556294428808116e-12
1.707000000000000000e+03 2.993812998185076332e-12
1.708000000000000000e+03 2.993069389182798728e-12
1.709000000000000000e+03 2.992325470046660180e-12
1.710000000000000000e+03 2.991581243390353515e-12
1.711000000000000000e+03 2.990836711816623937e-12
1.712000000000000000e+03 2.990091877917317898e-12
1.713000000000000000e+03 2.989677848040730036e-12
1.714000000000000000e+03 2.989262748510911420e-12
1.715000000000000000e+03 2.988846583913605561e-12
1.716000000000000000e+03 2.988429358817541815e-12
1.717000000000000000e+03 2.988011077774504454e-12
1.718000000000000000e+03 2.987591745319399308e-12
1.719000000000000000e+03 2.987171365970321616e-12
1.720000000000000000e+03 2.986749944228623483e-12
1.721000000000000000e+03 2.986653838101020422e-12
1.722000000000000000e+03 2.986555940673462493e-12
1.723000000000000000e+03 2.986456258376218327e-12
1.724000000000000000e+03 2.986354797616956508e-12
1.725000000000000000e+03 2.986251564780837667e-12
1.726000000000000000e+03 2.986146566230597678e-12
1.727000000000000000e+03 2.986039808306637733e-12
1.728000000000000000e+03 2.985931297327109561e-12
1.729000000000000000e+03 2.986152824641481191e-12
1.730000000000000000e+03 2.986371844558828331e-12
1.731000000000000000e+03 2.986588365324198542e-12
1.732000000000000000e+03 2.986802395154596427e-12
1.733000000000000000e+03 2.987013942239093488e-12
1.734000000000000000e+03 2.987223014738930724e-12
1.735000000000000000e+03 2.987429620787625655e-12
1.736000000000000000e+03 2.987633768491080168e-12
1.737000000000000000e+03 2.988167605998954128e-12
1.738000000000000000e+03 2.988698237091832988e-12
1.739000000000000000e+03 2.989225671770337623e-12
1.740000000000000000e+03 2.989749920001832856e-12
1.741000000000000000e+03 2.990270991720549029e-12
1.742000000000000000e+03 2.990788896827707616e-12
1.743000000000000000e+03 2.991303645191647641e-12
1.744000000000000000e+03 2.991815246647945234e-12
1.745000000000000000e+03 2.992646424645892111e-12
1.746000000000000000e+03 2.993473736200206739e-12
1.747000000000000000e+03 2.994297192952203353e-12
1.748000000000000000e+03 2.995116806505118010e-12
1.749000000000000000e+03 2.995932588424249144e-12
1.750000000000000000e+03 2.996744550237099744e-12
1.751000000000000000e+03 2.997552703433518306e-12
1.752000000000000000e+03 2.998357059465836566e-12
1.753000000000000000e+03 2.999464900377053627e-12
1.754000000000000000e+03 3.000568266385403262e-12
1.755000000000000000e+03 3.001667170627226072e-12
1.756000000000000000e+03 3.002761626196447033e-12
1.757000000000000000e+03 3.003851646144733018e-12
1.758000000000000000e+03 3.004937243481648697e-12
1.759000000000000000e+03 3.006018431174809214e-12
1.760000000000000000e+03 3.007095222150035684e-12
1.761000000000000000e+03 3.008424862544315756e-12
1.762000000000000000e+03 3.009749548155805587e-12
1.763000000000000000e+03 3.011069293275550333e-12
1.764000000000000000e+03 3.012384112148910384e-12
1.765000000000000000e+03 3.013694018975726152e-12
1.766000000000000000e+03 3.014999027910486906e-12
1.767000000000000000e+03 3.016299153062493133e-12
1.768000000000000000e+03 3.017594408496025370e-12
1.769000000000000000e+03 3.019154968406712326e-12
1.770000000000000000e+03 3.020710076234068658e-12
1.771000000000000000e+03 3.022259747458737929e-12
1.772000000000000000e+03 3.023803997512327400e-12
1.773000000000000000e+03 3.025342841777590189e-12
1.774000000000000000e+03 3.026876295588598141e-12
1.775000000000000000e+03 3.028404374230922365e-12
1.776000000000000000e+03 3.029927092941806912e-12
1.777000000000000000e+03 3.031650412648171300e-12
1.778000000000000000e+03 3.033367939563599997e-12
1.779000000000000000e+03 3.035079689952719611e-12
1.780000000000000000e+03 3.036785680029015741e-12
1.781000000000000000e+03 3.038485925955020388e-12
1.782000000000000000e+03 3.040180443842494111e-12
1.783000000000000000e+03 3.041869249752608993e-12
1.784000000000000000e+03 3.043552359696131608e-12
1.785000000000000000e+03 3.045370857682011469e-12
1.786000000000000000e+03 3.047183375718911916e-12
1.787000000000000000e+03 3.048989930462623090e-12
1.788000000000000000e+03 3.050790538516881315e-12
1.789000000000000000e+03 3.052585216433551667e-12
1.790000000000000000e+03 3.054373980712818607e-12
1.791000000000000000e+03 3.056156847803368543e-12
1.792000000000000000e+03 3.057933834102575627e-12
1.793000000000000000e+03 3.059801528327112698e-12
1.794000000000000000e+03 3.061663159138851656e-12
1.795000000000000000e+03 3.063518743321831986e-12
1.796000000000000000e+03 3.065368297607912537e-12
1.797000000000000000e+03 3.067211838676952061e-12
1.798000000000000000e+03 3.069049383156999047e-12
1.799000000000000000e+03 3.070880947624474687e-12
1.800000000000000000e+03 3.072706548604356645e-12
1.801000000000000000e+03 3.074562266541786500e-12
1.802000000000000000e+03 3.076411973856985173e-12
1.803000000000000000e+03 3.078255687121386536e-12
1.804000000000000000e+03 3.080093422855122705e-12
1.805000000000000000e+03 3.081925197527203771e-12
1.806000000000000000e+03 3.083751027555698345e-12
1.807000000000000000e+03 3.085570929307918136e-12
1.808000000000000000e+03 3.087384919100592838e-12
1.809000000000000000e+03 3.089188731040700648e-12
1.810000000000000000e+03 3.090986672964428509e-12
1.811000000000000000e+03 3.092778761014343803e-12
1.812000000000000000e+03 3.094565011283218691e-12
1.813000000000000000e+03 3.096345439814202978e-12
1.814000000000000000e+03 3.098120062601003848e-12
1.815000000000000000e+03 3.099888895588059136e-12
1.816000000000000000e+03 3.101651954670712216e-12
1.817000000000000000e+03 3.103303721070250343e-12
1.818000000000000000e+03 3.104949977345015029e-12
1.819000000000000000e+03 3.106590738669982368e-12
1.820000000000000000e+03 3.108226020173406883e-12
1.821000000000000000e+03 3.109855836936985513e-12
1.822000000000000000e+03 3.111480203996019571e-12
1.823000000000000000e+03 3.113099136339582367e-12
1.824000000000000000e+03 3.114712648910677933e-12
1.825000000000000000e+03 3.116127284749703244e-12
1.826000000000000000e+03 3.117536954264347004e-12
1.827000000000000000e+03 3.118941671217074649e-12
1.828000000000000000e+03 3.120341449327973549e-12
1.829000000000000000e+03 3.121736302274902053e-12
1.830000000000000000e+03 3.123126243693638117e-12
1.831000000000000000e+03 3.124511287178026730e-12
1.832000000000000000e+03 3.125891446280129760e-12
1.833000000000000000e+03 3.127027399405207025e-12
1.834000000000000000e+03 3.128159016980908976e-12
1.835000000000000000e+03 3.129286311155422538e-12
1.836000000000000000e+03 3.130409294039447362e-12
1.837000000000000000e+03 3.131527977706331126e-12
1.838000000000000000e+03 3.132642374192200401e-12
1.839000000000000000e+03 3.133752495496090301e-12
1.840000000000000000e+03 3.134858353580078172e-12
1.841000000000000000e+03 3.135660343083151856e-12
1.842000000000000000e+03 3.136458743638217959e-12
1.843000000000000000e+03 3.137253565509476760e-12
1.844000000000000000e+03 3.138044818929274415e-12
1.845000000000000000e+03 3.138832514098218463e-12
1.846000000000000000e+03 3.139616661185287694e-12
1.847000000000000000e+03 3.140397270327943617e-12
1.848000000000000000e+03 3.141174351632241535e-12
1.849000000000000000e+03 3.141566001736038470e-12
1.850000000000000000e+03 3.141954969655417234e-12
1.851000000000000000e+03 3.142341263396444104e-12
1.852000000000000000e+03 3.142724890939995929e-12
1.853000000000000000e+03 3.143105860241847372e-12
1.854000000000000000e+03 3.143484179232763406e-12
1.855000000000000000e+03 3.143859855818583318e-12
1.856000000000000000e+03 3.144232897880312401e-12
1.857000000000000000e+03 3.144166146250654957e-12
1.858000000000000000e+03 3.144097716687623858e-12
1.859000000000000000e+03 3.144027614721254310e-12
1.860000000000000000e+03 3.143955845863623865e-12
1.861000000000000000e+03 3.143882415608914619e-12
1.862000000000000000e+03 3.143807329433480259e-12
1.863000000000000000e+03 3.143730592795907863e-12
1.864000000000000000e+03 3.143652211137082923e-12
1.865000000000000000e+03 3.143091628654862214e-12
1.866000000000000000e+03 3.142530441846240582e-12
1.867000000000000000e+03 3.141968653617771565e-12
1.868000000000000000e+03 3.141406266865645111e-12
1.869000000000000000e+03 3.140843284475721510e-12
1.870000000000000000e+03 3.140279709323573800e-12
1.871000000000000000e+03 3.139715544274524119e-12
1.872000000000000000e+03 3.139150792183682884e-12
1.873000000000000000e+03 3.138057861611045432e-12
1.874000000000000000e+03 3.136965475510971360e-12
1.875000000000000000e+03 3.135873634006880619e-12
1.876000000000000000e+03 3.134782337219811787e-12
1.877000000000000000e+03 3.133691585268431756e-12
1.878000000000000000e+03 3.132601378269049069e-12
1.879000000000000000e+03 3.131511716335626031e-12
1.880000000000000000e+03 3.130422599579787998e-12
1.881000000000000000e+03 3.128772520300462661e-12
1.882000000000000000e+03 3.127124179525819055e-12
1.883000000000000000e+03 3.125477574510006095e-12
1.884000000000000000e+03 3.123832702512951247e-12
1.885000000000000000e+03 3.122189560800347201e-12
1.886000000000000000e+03 3.120548146643632884e-12
1.887000000000000000e+03 3.118908457319982561e-12
1.888000000000000000e+03 3.117270490112289268e-12
1.889000000000000000e+03 3.115077857424501418e-12
1.890000000000000000e+03 3.112888118658180934e-12
1.891000000000000000e+03 3.110701268312598149e-12
1.892000000000000000e+03 3.108517300900575345e-12
1.893000000000000000e+03 3.106336210948443940e-12
1.894000000000000000e+03 3.104157992996007328e-12
1.895000000000000000e+03 3.101982641596496453e-12
1.896000000000000000e+03 3.099810151316532647e-12
1.897000000000000000e+03 3.096876729491467290e-12
1.898000000000000000e+03 3.093947767202685441e-12
1.899000000000000000e+03 3.091023255244366431e-12
1.900000000000000000e+03 3.088103184434613609e-12
1.901000000000000000e+03 3.085187545615384066e-12
1.902000000000000000e+03 3.082276329652412700e-12
1.903000000000000000e+03 3.079369527435136685e-12
1.904000000000000000e+03 3.076467129876624392e-12
1.905000000000000000e+03 3.072439345463874212e-12
1.906000000000000000e+03 3.068418317986624178e-12
1.907000000000000000e+03 3.064404032836403827e-12
1.908000000000000000e+03 3.060396475443705406e-12
1.909000000000000000e+03 3.056395631277860280e-12
1.910000000000000000e+03 3.052401485846915341e-12
1.911000000000000000e+03 3.048414024697509010e-12
1.912000000000000000e+03 3.044433233414749668e-12
1.913000000000000000e+03 3.039741700970428567e-12
1.914000000000000000e+03 3.035058308547787205e-12
1.915000000000000000e+03 3.030383038325384882e-12
1.916000000000000000e+03 3.025715872529563908e-12
1.917000000000000000e+03 3.021056793434296927e-12
1.918000000000000000e+03 3.016405783361037883e-12
1.919000000000000000e+03 3.011762824678567325e-12
1.920000000000000000e+03 3.007127899802845389e-12
1.921000000000000000e+03 3.002020137990019134e-12
1.922000000000000000e+03 2.996921375431539584e-12
1.923000000000000000e+03 2.991831592343405719e-12
1.924000000000000000e+03 2.986750768994686943e-12
1.925000000000000000e+03 2.981678885707348189e-12
1.926000000000000000e+03 2.976615922856087563e-12
1.927000000000000000e+03 2.971561860868165893e-12
1.928000000000000000e+03 2.966516680223239515e-12
1.929000000000000000e+03 2.961040444286297508e-12
1.930000000000000000e+03 2.955573962317408727e-12
1.931000000000000000e+03 2.950117212828793349e-12
1.932000000000000000e+03 2.944670174390265615e-12
1.933000000000000000e+03 2.939232825629053693e-12
1.934000000000000000e+03 2.933805145229615908e-12
1.935000000000000000e+03 2.928387111933458177e-12
1.936000000000000000e+03 2.922978704538955084e-12
1.937000000000000000e+03 2.917266187690799193e-12
1.938000000000000000e+03 2.911563901844827634e-12
1.939000000000000000e+03 2.905871824467003527e-12
1.940000000000000000e+03 2.900189933083571586e-12
1.941000000000000000e+03 2.894518205280863445e-12
1.942000000000000000e+03 2.888856618705109032e-12
1.943000000000000000e+03 2.883205151062247548e-12
1.944000000000000000e+03 2.877563780117736023e-12
1.945000000000000000e+03 2.871661584682944347e-12
1.946000000000000000e+03 2.865769998344661562e-12
1.947000000000000000e+03 2.859888997759461831e-12
1.948000000000000000e+03 2.854018559646213122e-12
1.949000000000000000e+03 2.848158660785878902e-12
1.950000000000000000e+03 2.842309278021321432e-12
1.951000000000000000e+03 2.836470388257110328e-12
1.952000000000000000e+03 2.830641968459321814e-12
1.953000000000000000e+03 2.824617260361498373e-12
1.954000000000000000e+03 2.818603399442005759e-12
1.955000000000000000e+03 2.812600361876663831e-12
1.956000000000000000e+03 2.806608123904686067e-12
1.957000000000000000e+03 2.800626661828479637e-12
1.958000000000000000e+03 2.794655952013447492e-12
1.959000000000000000e+03 2.788695970887790452e-12
1.960000000000000000e+03 2.782746694942307689e-12
1.961000000000000000e+03 2.776655463652746270e-12
1.962000000000000000e+03 2.770575201819373004e-12
1.963000000000000000e+03 2.764505885406608979e-12
1.964000000000000000e+03 2.758447490442627163e-12
1.965000000000000000e+03 2.752399993019155295e-12
1.966000000000000000e+03 2.746363369291275962e-12
1.967000000000000000e+03 2.740337595477228283e-12
1.968000000000000000e+03 2.734322647858210402e-12
1.969000000000000000e+03 2.728195245284807280e-12
1.970000000000000000e+03 2.722078871862420134e-12
1.971000000000000000e+03 2.715973503488842835e-12
1.972000000000000000e+03 2.709879116125588820e-12
1.973000000000000000e+03 2.703795685797692374e-12
1.974000000000000000e+03 2.697723188593508700e-12
1.975000000000000000e+03 2.691661600664517623e-12
1.976000000000000000e+03 2.685610898225125283e-12
1.977000000000000000e+03 2.679503863718232520e-12
1.978000000000000000e+03 2.673407803165776470e-12
1.979000000000000000e+03 2.667322692660949806e-12
1.980000000000000000e+03 2.661248508359920790e-12
1.981000000000000000e+03 2.655185226481642630e-12
1.982000000000000000e+03 2.649132823307654359e-12
1.983000000000000000e+03 2.643091275181886968e-12
1.984000000000000000e+03 2.637060558510472762e-12
1.985000000000000000e+03 2.631027568874970066e-12
1.986000000000000000e+03 2.625005390031468027e-12
1.987000000000000000e+03 2.618993998511901086e-12
1.988000000000000000e+03 2.612993370909792694e-12
1.989000000000000000e+03 2.607003483880065478e-12
1.990000000000000000e+03 2.601024314138851814e-12
1.991000000000000000e+03 2.595055838463301979e-12
